  ResID_A  ResID_B       Score
       11       92     0.98584
       87      129     0.81043
       84      118     0.61184
       82      141     0.58146
       80       93     0.57655
      114      155     0.56723
       94      136     0.54646
      123      143     0.54251
       81      116     0.53458
      118      150     0.52562
      142      158     0.51478
       47      161     0.49768
       22      149     0.47995
       19       81     0.47981
       77      159     0.47756
       82      130     0.46218
      116      146     0.46126
       77      163     0.44645
      130      141     0.43917
        8       20     0.43513
       78      100     0.42599
       53      160     0.42470
       72       99     0.42425
       93      113     0.41975
      113      139     0.40903
       94      133     0.40564
        4      163     0.40327
       23       42     0.39443
       87      124     0.39227
       90      133     0.38888
       80       97     0.38512
      127      143     0.38361
       97      137     0.37755
       19      152     0.37536
      101      111     0.37250
       82      115     0.35757
      144      155     0.35731
       68       99     0.35565
      112      142     0.35395
       84      123     0.35293
       41       52     0.34692
       65       95     0.34013
      145      151     0.33790
       46      161     0.33568
       10       16     0.33358
      140      158     0.33266
       12       61     0.33095
       84      115     0.32924
       28      147     0.32589
       22       28     0.31515
       79      159     0.31450
       43       50     0.31267
       43       52     0.31188
       82       90     0.30987
       97      111     0.30943
       79      114     0.30791
       79      155     0.30739
       42      153     0.30682
        7       75     0.30297
      111      139     0.30190
       19      156     0.30175
       23      156     0.30054
      114      142     0.29989
       30      147     0.29803
      140      162     0.29784
       93      133     0.28842
      130      143     0.28189
        5       74     0.28083
       26      153     0.28039
        9       72     0.27520
       24       40     0.27464
      142      151     0.27392
        9      100     0.27193
       37       56     0.26633
      100      109     0.26537
      115      141     0.26486
        4       51     0.26362
       26       42     0.26193
      112      140     0.26002
       94      137     0.25896
       51      160     0.25846
       18       28     0.25751
       80      100     0.25636
      114      144     0.25386
        6       77     0.25347
       10       17     0.25313
       84      121     0.24948
      113      134     0.24856
      142      155     0.24742
        3       54     0.24724
      112      162     0.24554
       39       54     0.24415
       21       29     0.24304
       41       54     0.23948
       25       40     0.23567
       77      155     0.23527
        8       79     0.23473
       35       60     0.23377
      112      155     0.23354
        3       52     0.23342
       38       70     0.23335
        5       56     0.23158
      115      130     0.23120
      123      141     0.22991
       78      111     0.22898
       17       33     0.22843
       18       29     0.22743
       51      164     0.22736
       69       99     0.22700
       23      157     0.22673
       47      164     0.22614
      100      111     0.22583
       69      102     0.22541
       13       86     0.22517
      113      133     0.22515
       46      160     0.22495
      115      143     0.22482
      110      166     0.22466
       77      110     0.22384
       26      149     0.22315
       78       96     0.22250
       20       40     0.22136
       12       34     0.22006
       23       44     0.21924
        6      163     0.21911
      145      152     0.21839
        9       80     0.21726
       97      139     0.21621
       35       59     0.21573
       80      111     0.21570
       33       40     0.21502
       85      120     0.21494
       12       32     0.21272
      101      108     0.21181
       11       96     0.21165
      110      162     0.21085
       55      156     0.20980
       19      144     0.20972
       39       56     0.20866
       84      143     0.20750
       19      116     0.20710
       18       32     0.20658
      112      158     0.20638
       12       68     0.20614
       13       32     0.20533
       76      163     0.20445
      112      159     0.20441
       58       68     0.20393
       70       99     0.20363
       20       55     0.20332
        7       78     0.20288
       37       71     0.20203
      146      156     0.20050
      127      141     0.20045
       44       53     0.20040
       58       66     0.20010
      134      141     0.20008
        4      164     0.19934
      118      151     0.19857
       66       73     0.19845
       21       27     0.19756
       17       57     0.19573
       72      103     0.19568
        8      156     0.19498
       19      155     0.19436
       49      164     0.19391
      133      139     0.19391
        4       53     0.19373
        7       38     0.19371
       22      148     0.19192
       78      109     0.19131
       81      146     0.19029
       37       72     0.18886
       21       40     0.18778
       86      124     0.18707
       90      125     0.18701
       28       35     0.18622
      115      123     0.18609
       78      104     0.18556
      113      137     0.18542
        8       81     0.18505
       21       33     0.18458
       93      137     0.18425
        5       16     0.18383
       38       54     0.18318
       83       89     0.18287
      142      154     0.18217
       81      156     0.18181
       62       73     0.18145
      101      137     0.18115
       64       73     0.18060
        8       55     0.18060
       23      153     0.18047
       63       73     0.18046
       11       86     0.17945
      123      130     0.17793
       11       89     0.17762
       91      129     0.17734
        6      159     0.17723
       61       67     0.17573
       83      117     0.17561
       56       96     0.17557
       65       92     0.17534
      125      134     0.17506
       46      164     0.17348
       37       96     0.17293
       77      112     0.17276
       67       74     0.17235
       72       96     0.17222
       22      147     0.17200
       32       38     0.17170
        4       76     0.17141
       61       72     0.17103
       84      130     0.17021
       32       63     0.17005
       22       29     0.16999
        9       16     0.16982
      146      152     0.16930
       82      143     0.16904
      145      156     0.16900
      130      138     0.16887
       36       67     0.16867
       81      144     0.16825
       44      157     0.16801
       78       97     0.16694
       20       38     0.16692
       63       71     0.16649
       76      167     0.16585
      119      146     0.16553
       87      126     0.16517
       63       83     0.16511
      144      152     0.16464
      131      140     0.16440
       90      115     0.16415
       17       40     0.16356
      125      143     0.16327
        7       58     0.16305
       16       23     0.16278
       63       70     0.16243
       56       75     0.16240
       65       99     0.16240
      119      144     0.16209
        2       49     0.16209
      118      143     0.16194
      108      166     0.16157
       61       71     0.16123
      154      161     0.16121
      117      146     0.16087
       22      116     0.16030
       40       78     0.15966
       61       70     0.15951
        9       61     0.15894
       12       59     0.15876
       34       40     0.15873
       53       77     0.15861
        7       40     0.15845
       32       68     0.15836
        8       18     0.15829
       70       76     0.15825
       85      115     0.15793
       38       69     0.15791
       44      160     0.15761
       16       35     0.15757
       17       28     0.15717
       84      141     0.15700
        5       17     0.15671
       61       96     0.15655
       82       89     0.15649
       62       71     0.15646
       21       28     0.15604
       47      165     0.15559
        5       15     0.15550
      119      145     0.15546
      130      137     0.15525
       37       65     0.15514
       79      112     0.15505
       56      117     0.15493
      110      163     0.15462
       63       69     0.15434
       56       71     0.15382
      129      136     0.15358
       60       67     0.15318
       58       72     0.15314
       21       32     0.15279
        6       53     0.15253
      144      156     0.15247
      158      165     0.15229
      144      151     0.15218
       34       59     0.15207
        5       54     0.15187
       22      145     0.15181
       34       63     0.15168
       65       71     0.15155
       82       96     0.15154
       72      104     0.15152
       39       59     0.15146
      110      155     0.15145
       97      133     0.15143
       14       23     0.15132
       19      146     0.15126
       10       18     0.15104
        7       16     0.15093
       80      113     0.15056
       17       32     0.15038
       33       74     0.15007
      101      109     0.14984
       36       59     0.14982
       68       75     0.14976
       54       74     0.14965
       70      100     0.14946
       82      114     0.14934
        4      160     0.14900
       16       22     0.14889
      116      144     0.14883
       38       68     0.14852
        4       38     0.14812
       33       63     0.14786
       73      103     0.14774
        3       11     0.14699
       12       58     0.14695
        8       16     0.14686
       37       54     0.14678
       36       64     0.14659
       84      125     0.14608
      118      148     0.14597
       37       55     0.14553
        2       23     0.14546
      121      143     0.14504
       32       99     0.14496
       41       69     0.14492
       21       38     0.14488
       18       40     0.14479
       69      103     0.14457
       59       96     0.14451
       39       52     0.14422
      175      182     0.14388
       20       37     0.14387
      156      162     0.14344
       49       74     0.14337
        3       41     0.14331
        9       15     0.14330
       85      117     0.14311
      140      154     0.14285
       46      157     0.14267
       12       21     0.14245
      126      161     0.14222
        8       15     0.14210
       64       96     0.14209
        7      109     0.14162
       90      113     0.14119
       85      123     0.14088
       34       58     0.14088
       19      114     0.14077
       72      100     0.14076
      176      182     0.14050
       14       22     0.14044
       24       55     0.14037
       22       35     0.14036
       66      102     0.14035
       82      140     0.14018
       59       66     0.14001
      174      184     0.13998
       71       83     0.13991
        9       37     0.13976
       21       58     0.13975
      121      127     0.13973
        7       15     0.13959
      116      123     0.13949
       34       86     0.13945
        6       79     0.13938
       18       31     0.13915
      177      184     0.13907
        9      104     0.13903
       15       23     0.13898
      110      140     0.13881
       20       33     0.13880
       12       20     0.13871
       85      124     0.13866
       16       28     0.13855
       12       54     0.13831
      175      181     0.13826
       80       90     0.13823
       27       33     0.13819
      159      167     0.13808
        9       58     0.13797
       24       33     0.13783
      113      119     0.13781
       32       41     0.13759
      182      188     0.13758
       78      110     0.13758
      178      185     0.13706
       96      115     0.13704
       49      168     0.13701
       62       68     0.13688
      175      184     0.13684
        4       54     0.13682
        5       14     0.13672
       80      101     0.13654
      173      179     0.13643
       65       74     0.13633
      131      143     0.13626
       38       78     0.13622
       16       57     0.13615
      127      135     0.13612
