  ResID_A  ResID_B       Score
       22      103     0.81472
       98      141     0.70516
       93      153     0.55316
       95      129     0.52627
       91      104     0.52409
      135      155     0.47662
      129      162     0.46083
      125      167     0.45920
      105      148     0.45125
       30      164     0.45001
      154      170     0.44277
       88      171     0.43079
       92      127     0.43038
       33      161     0.42697
       30       92     0.42194
       58      173     0.41547
      142      153     0.41057
       93      142     0.40238
       88      175     0.39885
       64      172     0.39673
      105      145     0.39058
       89      111     0.38009
      101      145     0.37366
      124      151     0.37167
      104      124     0.36967
      127      158     0.36342
       19       31     0.35866
      108      149     0.35692
       83      110     0.35669
      139      155     0.35662
      112      122     0.35404
       15      175     0.34956
       98      136     0.33941
       91      108     0.33846
       57      173     0.31770
       18       86     0.31269
      152      170     0.31057
       79      110     0.30954
       34       53     0.30666
       93      126     0.29443
       76      106     0.29114
      123      154     0.28943
       39      159     0.28881
      122      151     0.28729
       95      126     0.28595
       53      165     0.28106
      156      167     0.28029
       95      135     0.27783
      104      145     0.27730
       54       63     0.27688
       52       63     0.27313
      157      163     0.27210
       54       61     0.27132
       41      159     0.27082
       21       27     0.26985
      152      174     0.26930
       90      171     0.26756
       90      167     0.26734
       34      168     0.26526
       93      101     0.26175
      108      122     0.26102
      124      146     0.25962
       16       85     0.25899
       30      168     0.25788
       90      125     0.25443
       33       39     0.24811
       17       88     0.24729
       37      165     0.24718
      105      149     0.24621
       95      132     0.24573
       20       83     0.24079
       23       72     0.24006
       14       65     0.23862
      125      154     0.23834
       62      172     0.23808
       37       53     0.23677
      123      152     0.23642
      154      163     0.23598
      142      155     0.23590
      125      156     0.23263
      124      145     0.23182
       50       65     0.23020
       91      111     0.22598
      126      142     0.22597
       34       55     0.22546
       20      111     0.22413
       14       63     0.22348
       16       67     0.22250
       15       62     0.22154
       29       39     0.22154
      126      153     0.22014
      111      120     0.21971
       20       91     0.21621
       37      161     0.21515
       46       71     0.21380
       21       28     0.21065
       13       60     0.20946
      126      155     0.20812
       96      131     0.20784
      139      153     0.20782
       34      169     0.20759
       52       65     0.20688
      123      174     0.20640
       80      113     0.20466
       32       40     0.20415
       95      155     0.20284
       57      172     0.20268
       24       97     0.20253
       97      136     0.20245
       30      127     0.20192
       58      176     0.20176
       88      121     0.20064
       44       51     0.19964
      108      151     0.19881
       23       43     0.19741
       62      176     0.19648
       46       70     0.19642
       80      110     0.19641
       19       90     0.19540
       88      167     0.19530
      123      167     0.19528
      157      164     0.19381
       87      179     0.19293
       24       43     0.19284
       23       45     0.19262
      121      174     0.19218
       15      176     0.19213
       18       89     0.19028
       32       38     0.18959
       30      156     0.18941
       89      122     0.18809
      111      122     0.18788
       91      122     0.18783
       89      120     0.18717
       17      175     0.18689
       48       67     0.18672
       31       51     0.18609
       77       84     0.18561
      121      178     0.18436
       29       43     0.18423
       19       92     0.18357
      154      167     0.18355
       15       64     0.18231
       28       68     0.18189
       76      110     0.18174
       36       51     0.18003
      123      170     0.17794
       66      168     0.17740
       30      167     0.17731
       83      114     0.17719
       73       84     0.17718
       94      128     0.17666
       35       51     0.17539
       87      175     0.17486
      137      146     0.17468
       33      160     0.17449
       33      159     0.17417
       28       44     0.17364
       93      155     0.17360
       22      107     0.17333
       19       66     0.17318
      154      166     0.17299
       50       81     0.17258
       94      100     0.17178
       20       27     0.17133
       89      115     0.17083
      128      158     0.17075
       31       66     0.17068
      123      171     0.17008
      158      168     0.16925
       32       44     0.16891
      101      137     0.16833
      112      149     0.16804
       72       83     0.16801
       69       77     0.16797
       29       40     0.16796
      124      149     0.16772
       27       34     0.16768
       95      142     0.16634
      129      163     0.16595
       32       51     0.16568
       34      165     0.16536
       72       78     0.16502
      145      151     0.16480
       23       79     0.16440
       95      153     0.16403
       89      107     0.16369
       22       97     0.16347
      101      126     0.16339
       92      158     0.16337
       49       81     0.16294
      130      158     0.16217
       15       87     0.16174
       30      158     0.16163
       83      107     0.16056
      130      156     0.16004
       74       81     0.15991
       92      168     0.15982
       31       50     0.15962
       16       27     0.15953
       67      107     0.15855
       81      110     0.15849
       55      169     0.15754
       16       65     0.15746
       90      123     0.15713
       69       78     0.15688
       28       39     0.15671
       48       82     0.15647
      156      168     0.15629
      102      141     0.15621
       17      171     0.15584
       19      168     0.15563
       32       43     0.15560
       33       40     0.15548
       18       49     0.15512
       74       80     0.15509
       93      100     0.15503
      146      153     0.15489
       76      103     0.15453
       81      111     0.15432
      126      135     0.15392
      106      119     0.15371
       73       82     0.15331
      112      119     0.15258
       74       82     0.15229
       27       46     0.15226
       74       94     0.15224
       50       67     0.15198
       80      114     0.15179
      157      168     0.15165
       19       27     0.15135
       55       64     0.15100
      121      167     0.15058
      158      164     0.15048
      142      150     0.14999
      142      149     0.14995
       95      137     0.14940
       72       81     0.14903
       20       26     0.14886
      119      178     0.14866
       83      111     0.14863
       22      100     0.14862
       83      115     0.14851
       16       26     0.14843
       48       65     0.14835
       39       46     0.14805
       48       83     0.14801
       43       74     0.14796
       75       84     0.14782
       76       82     0.14775
       47       78     0.14737
       60      176     0.14702
       27       33     0.14675
       71       78     0.14674
      190      196     0.14666
      130      157     0.14635
       79       86     0.14613
       67       82     0.14612
      166      173     0.14594
       36       44     0.14580
      156      163     0.14578
       12       60     0.14552
      108      145     0.14545
       31       48     0.14495
       19       26     0.14494
      191      197     0.14474
       20       72     0.14465
       14       52     0.14439
       12       61     0.14434
       88      123     0.14433
      135      142     0.14423
      143      155     0.14407
       23       70     0.14360
      132      139     0.14359
       32       49     0.14357
       51       65     0.14306
       18      120     0.14291
       92      156     0.14245
       55      172     0.14239
       67       78     0.14207
       78       85     0.14199
       69       79     0.14185
       84      114     0.14165
       72       82     0.14158
      129      155     0.14127
       19       29     0.14104
      141      148     0.14092
       96      128     0.14059
      195      202     0.14050
       74       84     0.14049
       67       86     0.14046
       44       74     0.14041
       18       51     0.14000
       67      128     0.13980
       33      127     0.13980
       50       75     0.13973
      189      195     0.13968
       32       39     0.13960
       43       79     0.13944
      129      160     0.13931
       69       84     0.13930
       33      157     0.13923
       18       69     0.13919
      127      156     0.13917
      190      197     0.13908
      156      164     0.13902
       26       34     0.13897
      112      120     0.13896
       38       44     0.13895
       45       51     0.13892
      106      113     0.13868
       34      164     0.13861
       57      176     0.13853
       23       65     0.13843
       35       53     0.13834
       35       50     0.13827
       46       68     0.13819
      193      199     0.13797
      190      200     0.13773
       17       27     0.13754
       63       87     0.13734
       28       43     0.13702
      191      200     0.13700
       44       77     0.13694
       25       34     0.13676
       49       65     0.13674
      121      152     0.13667
       47       70     0.13659
       32       45     0.13647
       23       71     0.13644
       33      164     0.13617
       29      158     0.13607
      185      199     0.13592
       27       39     0.13591
      189      197     0.13573
       98      137     0.13568
       21       29     0.13565
       93      125     0.13565
       45       70     0.13559
       65       81     0.13558
       18       80     0.13547
       82       94     0.13539
       47       75     0.13523
       77      113     0.13520
       26       33     0.13464
      143      152     0.13455
       57      169     0.13449
      126      137     0.13435
       38       55     0.13433
      135      153     0.13417
      195      201     0.13412
      193      203     0.13390
       18       65     0.13390
       28       34     0.13384
      121      175     0.13366
       98      138     0.13356
       89      108     0.13342
       12       63     0.13340
       23       31     0.13336
       15      172     0.13334
       14       22     0.13321
      190      198     0.13308
       79       87     0.13305
       49       89     0.13290
       23       69     0.13280
      189      199     0.13278
      137      155     0.13258
      194      200     0.13243
      188      194     0.13224
       45       74     0.13218
       23       32     0.13194
      170      177     0.13185
      132      155     0.13184
       31       49     0.13183
       17       66     0.13174
      189      198     0.13166
       32      113     0.13166
       95      139     0.13154
      188      197     0.13102
      187      200     0.13094
       89      121     0.13090
       15       21     0.13090
       60      180     0.13086
       73      106     0.13054
       13      179     0.13045
      102      166     0.13039
      192      198     0.13037
      101      146     0.13015
      186      198     0.13013
       43       52     0.13011
       65       85     0.13001
      193      200     0.12996
       23       74     0.12994
       18       27     0.12988
       44       81     0.12987
       40       51     0.12955
      171      179     0.12944
      189      202     0.12938
       28       50     0.12935
       32       69     0.12929
      188      195     0.12926
       72      107     0.12923
       29       42     0.12920
       62      150     0.12916
       80      131     0.12911
       50       70     0.12901
       15       31     0.12896
       75      107     0.12895
       17       26     0.12893
       35       66     0.12889
      130      159     0.12886
       47       71     0.12883
      190      202     0.12877
       16       25     0.12852
       44       85     0.12848
       96      126     0.12839
       17       64     0.12838
      187      195     0.12838
      188      200     0.12835
       28       48     0.12834
      190      199     0.12834
      196      202     0.12814
      189      196     0.12814
      132      160     0.12810
       27       68     0.12803
       70       77     0.12803
      188      198     0.12800
       52       80     0.12799
       29       46     0.12796
      194      203     0.12783
      104      149     0.12779
      101      124     0.12772
       11       60     0.12768
       67       80     0.12751
       87      118     0.12751
       80       89     0.12745
      189      200     0.12738
       81       87     0.12736
      191      202     0.12732
       86      115     0.12723
       87      114     0.12704
       91      112     0.12685
      104      122     0.12681
      193      204     0.12680
       59      173     0.12668
       16       28     0.12655
      194      201     0.12650
      124      153     0.12649
       49       63     0.12645
      138      173     0.12644
      183      198     0.12640
       64       88     0.12629
       72       84     0.12615
       54       62     0.12611
       43       50     0.12611
       41      160     0.12608
       28       51     0.12604
       15       22     0.12580
      187      203     0.12578
       30      125     0.12578
      193      202     0.12558
       94      134     0.12556
       17       90     0.12550
      183      191     0.12540
       76       85     0.12528
      187      193     0.12526
      189      203     0.12513
       32       78     0.12497
      192      200     0.12496
      183      193     0.12495
      192      202     0.12491
       18       26     0.12490
      183      196     0.12487
      184      190     0.12485
      152      166     0.12485
      183      197     0.12480
       21       30     0.12467
       67       81     0.12464
       78      115     0.12463
      168      175     0.12461
      109      149     0.12460
      183      189     0.12451
      108      124     0.12448
      183      195     0.12432
      128      157     0.12388
       35       44     0.12382
       60       85     0.12381
       37       44     0.12374
       51       89     0.12373
