  ResID_A  ResID_B       Score
       11       92     0.88819
       87      129     0.71991
       82      141     0.59807
       84      118     0.57719
      114      155     0.54330
       80       93     0.54113
      118      150     0.52849
      142      158     0.51963
       94      136     0.50188
       77      159     0.47212
       19       81     0.46868
       19      152     0.46575
       22      149     0.45804
       81      116     0.45515
      123      143     0.45366
      130      141     0.43921
       82      130     0.43233
       47      161     0.42895
       53      160     0.42196
      116      146     0.41862
       77      163     0.41612
       78      100     0.41602
       72       99     0.40576
        4      163     0.40476
       94      133     0.39997
        8       20     0.39939
       87      124     0.38832
      101      111     0.38688
       93      113     0.38594
      127      143     0.38071
       97      137     0.36823
       90      133     0.36776
       80       97     0.35976
      113      139     0.35807
      140      158     0.35434
       46      161     0.34581
       41       52     0.34061
       84      115     0.33698
       84      123     0.33533
       43       52     0.33448
      112      142     0.33199
       82      115     0.32677
        7       75     0.32624
       23      156     0.32066
       68       99     0.31957
      140      162     0.31776
       23       42     0.31773
      144      155     0.31554
       97      111     0.31528
       65       95     0.31457
       43       50     0.31426
      111      139     0.31411
       79      159     0.30717
       79      155     0.30712
       28      147     0.30623
       82       90     0.30620
       12       61     0.30198
       42      153     0.30144
       30      147     0.30032
      145      151     0.29971
       22       28     0.29702
       26      153     0.28618
       79      114     0.28591
      142      151     0.28200
       93      133     0.28080
       19      156     0.27883
      114      142     0.27422
       24       40     0.27387
      112      140     0.26178
      115      141     0.25785
      100      109     0.25710
      112      162     0.25638
       21       29     0.25613
      114      144     0.25520
        9      100     0.25493
       51      160     0.25442
        3       52     0.25303
       84      121     0.25274
        6       77     0.25251
       10       16     0.25137
       94      137     0.24972
       80      100     0.24687
       18       28     0.24624
       26       42     0.24610
        3       54     0.24540
        4       51     0.24526
        9       72     0.24501
       25       40     0.24495
      113      134     0.24339
        5       74     0.24120
       78      111     0.23625
       41       54     0.23623
      130      143     0.23255
      110      166     0.23078
        7       78     0.22971
       20       40     0.22668
        5       56     0.22657
       77      155     0.22524
       39       54     0.22504
       85      120     0.22389
       51      164     0.22326
      113      133     0.22239
       80      111     0.22173
       37       56     0.22046
       69      102     0.21989
      112      158     0.21955
      112      155     0.21942
       97      139     0.21859
       46      160     0.21803
      142      155     0.21773
       69       99     0.21744
        8       79     0.21696
       77      110     0.21685
      110      162     0.21624
      115      130     0.21608
       47      164     0.21599
       11       96     0.21581
       26      149     0.21568
        9       80     0.21491
       13       86     0.21423
       23       44     0.21065
       84      143     0.21031
      115      143     0.20960
       55      156     0.20946
      100      111     0.20926
       38       70     0.20884
       12       34     0.20753
       17       57     0.20715
       23      157     0.20678
       39       56     0.20635
       18       32     0.20462
       21       27     0.20425
       10       17     0.20419
       18       29     0.20196
       13       32     0.20032
       33       40     0.20008
        6      163     0.19907
      127      141     0.19896
       21       40     0.19864
      101      108     0.19710
      145      152     0.19648
        4      164     0.19543
       78      109     0.19500
      134      141     0.19469
       20       55     0.19460
       22      148     0.19385
       35       59     0.19327
       35       60     0.19321
       72      103     0.19213
       19      155     0.19099
       70       99     0.18985
       76      163     0.18982
       19      144     0.18915
       58       66     0.18771
       65       99     0.18761
      133      139     0.18746
       72       96     0.18743
       78      104     0.18695
       49      164     0.18678
       86      124     0.18644
      112      159     0.18621
       78       96     0.18605
      118      151     0.18586
        4       53     0.18470
      142      154     0.18353
       81      146     0.18346
       83      117     0.18269
       12       32     0.18230
       17       33     0.18141
       61       67     0.18138
       44       53     0.18087
       12       68     0.18066
       66       73     0.17854
       90      125     0.17814
      101      137     0.17811
      118      143     0.17728
       21       33     0.17690
      119      144     0.17535
        8       81     0.17450
       65       92     0.17405
       91      129     0.17321
       82       89     0.17264
       37       71     0.17227
       21       32     0.17132
       81      144     0.17039
      125      134     0.17012
       62       73     0.16983
        8      156     0.16959
       83       89     0.16948
       93      137     0.16928
        8       55     0.16902
       44      157     0.16901
        7       38     0.16873
       58       68     0.16873
      110      163     0.16846
      146      156     0.16835
       17       32     0.16781
        4       76     0.16769
        5       54     0.16722
       11       86     0.16704
       38       54     0.16615
        2       49     0.16524
       46      164     0.16522
       22      147     0.16497
       69      103     0.16470
       82      143     0.16465
      108      166     0.16464
       19      116     0.16447
        7       58     0.16422
      115      123     0.16333
       78       97     0.16321
       67       74     0.16291
        6      159     0.16187
      113      137     0.16183
       63       73     0.16129
       84      125     0.16106
       61       70     0.16106
        9       16     0.16083
       81      156     0.16026
       11       89     0.16019
       76      167     0.16004
      146      152     0.15997
       16       23     0.15969
       36       67     0.15936
      116      144     0.15845
       63       70     0.15813
       79      112     0.15779
       97      133     0.15775
        7       40     0.15755
       37       72     0.15697
       44      160     0.15687
       34       40     0.15674
       56       71     0.15661
       87      126     0.15622
       23      153     0.15539
      119      146     0.15537
      119      145     0.15510
       38       69     0.15480
      131      140     0.15474
      158      165     0.15468
       64       73     0.15430
       84      141     0.15423
       70       76     0.15396
       28       35     0.15384
       37       68     0.15335
       90      115     0.15307
       73      103     0.15275
       85      117     0.15252
      123      130     0.15250
       22       29     0.15213
       47      165     0.15198
      131      143     0.15185
      144      151     0.15179
      130      138     0.15167
       32       38     0.15150
       17       28     0.15132
       77      112     0.15081
       72      100     0.15071
        9       61     0.15054
       63       71     0.15042
       21       28     0.15025
       34       59     0.15021
       32       63     0.14943
       32       68     0.14934
       19      146     0.14928
       36       59     0.14920
       18      146     0.14882
      144      152     0.14849
       59       66     0.14790
       90      113     0.14759
       65       71     0.14758
       61       96     0.14743
       20       38     0.14734
      175      182     0.14677
       63       69     0.14672
        5       16     0.14669
      177      184     0.14659
       23      152     0.14624
       46      157     0.14620
        8       16     0.14613
       72      104     0.14556
       53       77     0.14554
        4      160     0.14548
       56      117     0.14538
       80       90     0.14538
       27       33     0.14518
       62       71     0.14511
       16       35     0.14506
      110      140     0.14475
        8       18     0.14471
      176      182     0.14471
      154      161     0.14455
      121      143     0.14449
      144      156     0.14449
       61       72     0.14426
       70      100     0.14368
      117      146     0.14352
       85      115     0.14327
      121      127     0.14308
       22      145     0.14294
      110      155     0.14292
      175      181     0.14283
      175      184     0.14282
        6       53     0.14252
       56       67     0.14239
       17       40     0.14211
       34       63     0.14161
       68       75     0.14161
      173      179     0.14103
       58       72     0.14101
       28      117     0.14101
      177      183     0.14098
       14       23     0.14080
       58       67     0.14064
       24       55     0.14051
       40       78     0.14043
       41       69     0.14040
        3       41     0.14029
       60       67     0.14012
        9       37     0.13967
        5       17     0.13953
      182      188     0.13950
      174      184     0.13949
       19      114     0.13923
       56       69     0.13921
       56       75     0.13915
      178      185     0.13900
      145      156     0.13860
      172      182     0.13854
       22      152     0.13849
      172      187     0.13845
       53      163     0.13839
      130      137     0.13802
      177      185     0.13796
       17       23     0.13787
       37       55     0.13775
      129      136     0.13758
       98      137     0.13753
      123      141     0.13750
       84      130     0.13740
      101      109     0.13722
      125      143     0.13719
       36       64     0.13717
       56       70     0.13704
       20       37     0.13703
        2       23     0.13625
       37       54     0.13620
      173      180     0.13604
      175      187     0.13602
       71       83     0.13599
      179      185     0.13593
      178      184     0.13588
       56       96     0.13582
      172      181     0.13575
        3       11     0.13575
       12       59     0.13554
        6       79     0.13551
        8       15     0.13538
       15       23     0.13467
       14       81     0.13453
      173      181     0.13434
       39       52     0.13430
       54      100     0.13428
       39       70     0.13417
       82       96     0.13404
      119      147     0.13398
       21       34     0.13387
      173      184     0.13364
      111      137     0.13361
       78      110     0.13353
       12       54     0.13352
       24       42     0.13333
      127      157     0.13331
       32       41     0.13328
       30      148     0.13324
       82      114     0.13308
       10       18     0.13306
      179      188     0.13303
      159      167     0.13295
       54       97     0.13289
       38       78     0.13275
       18       24     0.13267
      140      154     0.13261
        7       72     0.13257
      127      135     0.13254
       14       89     0.13248
