  ResID_A  ResID_B       Score
       11       92     0.95208
       87      129     0.80158
       84      118     0.60964
       82      141     0.56833
       80       93     0.55845
      114      155     0.55038
       94      136     0.53455
       81      116     0.52428
      123      143     0.52011
      142      158     0.51925
      118      150     0.50705
       47      161     0.49653
       19       81     0.48283
       22      149     0.46826
       77      159     0.46030
       77      163     0.44125
       82      130     0.43882
      130      141     0.43463
      116      146     0.43391
       78      100     0.42137
       53      160     0.41479
       72       99     0.41381
       93      113     0.41303
        8       20     0.40918
       94      133     0.39695
      113      139     0.38943
       19      152     0.38563
       23       42     0.37900
        4      163     0.37740
       90      133     0.37461
       87      124     0.37438
       80       97     0.37152
      101      111     0.36756
      127      143     0.36638
       97      137     0.36450
      144      155     0.35139
       68       99     0.34980
       84      123     0.34267
      112      142     0.34217
       82      115     0.33973
      145      151     0.33505
       65       95     0.32504
       41       52     0.32372
       10       16     0.32235
       84      115     0.32093
       28      147     0.31881
      140      158     0.31710
       46      161     0.31631
       12       61     0.31170
       79      155     0.30967
      111      139     0.30918
       43       50     0.30767
       97      111     0.30617
       22       28     0.30533
       30      147     0.30453
       19      156     0.30397
       42      153     0.30113
       43       52     0.29941
       82       90     0.29763
       79      159     0.29654
        7       75     0.29621
      114      142     0.29444
       79      114     0.29144
       23      156     0.28430
      140      162     0.28403
       93      133     0.28274
       26      153     0.28125
      130      143     0.27363
      142      151     0.27219
        5       74     0.27189
        9      100     0.27048
      115      141     0.27018
       26       42     0.26477
       37       56     0.26247
       51      160     0.26084
       80      100     0.25849
       39       54     0.25711
        9       72     0.25550
        6       77     0.25456
      100      109     0.25354
      113      134     0.25335
        4       51     0.25059
       18       28     0.24794
      112      140     0.24634
       10       17     0.24448
       94      137     0.24400
       24       40     0.24308
      114      144     0.24225
      112      162     0.24075
      142      155     0.23579
       35       60     0.23557
      112      155     0.23455
        8       79     0.22990
       77      155     0.22938
       46      160     0.22927
       23      157     0.22904
       21       29     0.22652
       25       40     0.22539
      115      130     0.22445
       41       54     0.22428
      115      143     0.22408
      123      141     0.22393
       47      164     0.22345
       69       99     0.22285
        5       56     0.22104
       26      149     0.22095
       11       96     0.22078
       12       34     0.22002
       84      121     0.21996
       17       33     0.21822
       85      120     0.21811
        9       80     0.21773
       13       86     0.21668
       18       29     0.21511
       78      111     0.21480
      100      111     0.21397
       51      164     0.21371
      145      152     0.21366
       33       40     0.21213
      113      133     0.21190
        6      163     0.21157
       20       55     0.21120
       97      139     0.21094
       77      110     0.21062
       19      144     0.21059
       38       70     0.20983
       35       59     0.20972
       23       44     0.20964
       80      111     0.20959
       76      163     0.20933
      101      108     0.20900
       69      102     0.20686
       13       32     0.20620
       19      116     0.20519
       39       56     0.20309
      115      123     0.20196
       55      156     0.20190
       81      146     0.20160
       21       27     0.20098
       12       32     0.19999
      134      141     0.19993
      110      162     0.19965
       78       96     0.19958
      146      156     0.19804
      112      159     0.19752
        4       53     0.19743
       84      143     0.19643
       58       68     0.19596
       70       99     0.19562
      127      141     0.19540
       37       96     0.19520
       58       66     0.19518
       66       73     0.19498
       72      103     0.19440
       12       68     0.19425
       18       32     0.19406
        3       54     0.19266
      110      166     0.19238
        4      164     0.19237
       22      148     0.19172
       78      104     0.19162
       44       53     0.19144
       19      155     0.19104
      112      158     0.19055
      118      151     0.18730
      113      137     0.18726
       17       57     0.18708
       11       86     0.18636
        8      156     0.18591
        7       78     0.18590
       21       33     0.18573
      133      139     0.18562
       78      109     0.18507
       20       40     0.18496
       86      124     0.18444
        8       55     0.18443
       21       40     0.18421
      142      154     0.18343
       81      156     0.18316
       90      125     0.18076
       72       96     0.18053
       83       89     0.18045
       61       67     0.17995
       65       92     0.17990
       65       99     0.17871
       11       89     0.17796
        8       81     0.17781
       83      117     0.17781
       63       73     0.17765
       46      164     0.17734
       62       73     0.17674
       28       35     0.17655
       61       72     0.17595
       23      153     0.17590
       84      130     0.17406
       56       96     0.17402
      125      134     0.17393
       93      137     0.17358
        5       16     0.17325
       64       73     0.17325
      101      137     0.17272
       22       29     0.17201
       61       96     0.17162
        3       52     0.17100
       49      164     0.16984
       82      143     0.16969
      154      161     0.16955
      145      156     0.16920
       37       70     0.16905
       38       54     0.16903
       91      129     0.16894
        5       54     0.16859
        9       16     0.16785
       63       71     0.16781
       65       71     0.16717
       20       38     0.16700
      123      130     0.16683
        6      159     0.16601
       22      147     0.16573
      144      152     0.16513
       32       38     0.16511
       81      144     0.16491
      119      144     0.16457
       63       70     0.16452
       44      157     0.16448
       37       71     0.16433
       67       74     0.16431
       78       97     0.16238
       17       28     0.16189
       84      141     0.16188
       32       63     0.16183
       77      112     0.16167
      146      152     0.16137
       17       40     0.16126
       40       78     0.16124
       12       59     0.16097
       36       67     0.16072
       85      115     0.16021
       16       35     0.15962
      117      146     0.15931
        7       38     0.15904
       16       23     0.15856
       37       72     0.15832
       80      113     0.15831
        9       61     0.15826
       82       89     0.15760
      118      143     0.15684
       68       75     0.15681
       61       71     0.15674
       37       54     0.15639
       34       40     0.15617
        7       58     0.15615
       34       59     0.15592
       90      115     0.15555
       62       71     0.15554
      131      140     0.15546
       36       59     0.15542
       47      165     0.15531
       61       70     0.15528
       63       83     0.15500
       53       77     0.15492
       21       32     0.15482
      108      166     0.15477
       76      167     0.15474
        8       18     0.15462
       33       74     0.15443
        7       40     0.15442
       33       39     0.15381
      119      146     0.15363
      130      138     0.15360
       32       68     0.15343
       12       20     0.15340
      116      144     0.15304
       87      126     0.15300
      119      145     0.15278
      110      155     0.15270
       70       76     0.15262
       56       75     0.15248
       79      112     0.15236
      125      143     0.15197
       63       69     0.15186
       21       28     0.15152
       38       68     0.15144
       56       71     0.15119
      144      156     0.15083
       44      160     0.15046
       33       63     0.15031
       69      103     0.14961
       82       96     0.14942
       22      116     0.14930
       72      104     0.14904
       20       37     0.14889
       72      100     0.14881
       84      125     0.14879
        5       15     0.14861
      144      151     0.14833
       97      133     0.14778
       24       55     0.14766
       32       39     0.14766
      101      109     0.14757
       17       32     0.14754
       56      117     0.14741
      121      127     0.14731
       93      104     0.14695
       19      114     0.14659
       10       18     0.14656
       20       33     0.14655
       16       22     0.14643
       85      117     0.14619
       12       58     0.14604
       39       58     0.14597
       49      168     0.14595
        8       16     0.14527
       24       42     0.14499
       34       63     0.14492
      126      161     0.14484
        4      160     0.14482
        9       15     0.14481
       56       63     0.14476
      110      163     0.14476
       19      146     0.14433
       71       83     0.14430
       30      148     0.14427
       18       40     0.14387
       82      140     0.14379
       41       69     0.14356
       73      103     0.14326
       70      100     0.14324
       14       23     0.14318
       58       72     0.14306
       60       67     0.14283
      130      137     0.14268
       18       31     0.14257
        8       15     0.14246
       80       96     0.14200
        7       16     0.14191
      158      165     0.14185
       64       96     0.14165
      174      180     0.14161
      176      182     0.14145
        9      104     0.14126
      129      136     0.14120
       12       21     0.14119
       37       55     0.14091
       38       69     0.14041
       39       59     0.13998
       16       28     0.13973
       54       74     0.13965
      118      148     0.13959
       82      114     0.13958
       34       86     0.13939
        4       76     0.13918
       59       66     0.13907
       97      113     0.13901
        6       53     0.13882
        6       79     0.13872
       46      157     0.13844
        4       77     0.13832
       37       63     0.13806
        7      109     0.13779
       59       96     0.13776
       62       68     0.13771
      173      183     0.13768
        5       17     0.13763
       76      103     0.13748
       22      145     0.13734
      140      154     0.13731
       85      122     0.13718
       17       35     0.13714
      131      143     0.13713
      111      137     0.13712
      174      183     0.13710
       90      113     0.13688
       39       70     0.13666
       15       23     0.13609
      113      119     0.13606
       22       35     0.13572
      174      181     0.13572
      156      162     0.13566
      110      140     0.13563
      122      147     0.13553
       34       58     0.13539
       32       99     0.13524
      172      187     0.13520
      177      183     0.13503
      176      183     0.13479
      171      180     0.13465
       27       33     0.13461
       87      125     0.13455
       37       74     0.13453
        7       15     0.13410
       20       58     0.13394
       37       78     0.13376
       16       57     0.13374
      115      134     0.13368
       32       41     0.13364
      159      167     0.13364
       62       96     0.13345
       21       58     0.13342
       96      115     0.13304
       38       59     0.13295
       95      102     0.13284
       14       22     0.13269
