  ResID_A  ResID_B       Score
      141      178     0.42849
      174      252     0.42713
       57       67     0.40569
       86      107     0.34097
       64      118     0.32887
       72       91     0.31147
      273      320     0.30248
      257      271     0.29997
      104      134     0.29439
      322      328     0.29193
       21       59     0.27966
       66       86     0.27353
       98      181     0.27066
      206      270     0.27017
      152      175     0.26931
       58       65     0.26886
       64      115     0.26252
       16       60     0.26251
       12      162     0.26234
       57      121     0.26162
       58       82     0.25957
      101      134     0.25930
      320      326     0.25672
      325      343     0.25332
        6       49     0.25324
      195      249     0.25247
      322      331     0.24765
        9       15     0.24452
       68      107     0.24313
      101      137     0.24001
      195      345     0.23894
      109      138     0.23817
      271      325     0.23448
      275      318     0.23303
      322      334     0.23082
      211      270     0.23017
       43       74     0.23000
       32      122     0.22931
      213      270     0.22747
      108      120     0.22545
      319      342     0.22507
       66      107     0.22325
      112      138     0.21906
      331      337     0.21664
       15       22     0.21559
      108      138     0.21464
       19       60     0.21249
       94      274     0.21221
       95      121     0.21097
      152      166     0.20875
      148      179     0.20780
       27       33     0.20767
       36       43     0.20670
      126      168     0.20274
      136      155     0.20245
      218      226     0.20241
      259      270     0.20079
      251      276     0.19974
       33       53     0.19968
       15       23     0.19953
      328      337     0.19876
       35       47     0.19859
      255      273     0.19705
       35       53     0.19678
       94      254     0.19611
       92      129     0.19610
      149      176     0.19607
      145      154     0.19587
       36      126     0.19523
      178      186     0.19475
       93      165     0.19406
      108      134     0.19312
       85      111     0.19283
      214      226     0.19275
      126      155     0.19240
      202      338     0.19155
       38       48     0.19125
      205      211     0.19108
       15       25     0.18947
       88      107     0.18899
      252      276     0.18891
       58       84     0.18887
       81      165     0.18715
      326      341     0.18690
       57       65     0.18660
      192      250     0.18616
       25       56     0.18591
       63       84     0.18585
       23       34     0.18496
      365      371     0.18495
      215      257     0.18477
      253      275     0.18441
      193      280     0.18312
       28       35     0.18243
       47      125     0.18231
       47       53     0.18175
        9       47     0.18165
      108      142     0.18164
      232      239     0.18154
      293      325     0.18153
       38       47     0.18095
      162      168     0.18069
       93      159     0.18045
       23       38     0.17972
      213      259     0.17949
       34       70     0.17937
      361      367     0.17931
      318      326     0.17908
      160      168     0.17853
       34      131     0.17848
       37       43     0.17844
       23       36     0.17799
       25       33     0.17786
       15       47     0.17755
       48       76     0.17739
       27       61     0.17729
       23       48     0.17710
       93      166     0.17709
       98      137     0.17695
       90      168     0.17678
      224      249     0.17645
      361      371     0.17629
      127      165     0.17595
       34       48     0.17584
      105      155     0.17583
      367      374     0.17576
       91      134     0.17574
      363      369     0.17566
        6       52     0.17544
       23      124     0.17542
      209      325     0.17537
      361      369     0.17530
       21      125     0.17510
       52      198     0.17434
       76      127     0.17407
       15       21     0.17373
      215      229     0.17373
      280      347     0.17367
      194      248     0.17351
      105      141     0.17334
       22       47     0.17331
       13       24     0.17328
       73       84     0.17327
      273      343     0.17321
       10       25     0.17304
      211      259     0.17291
      367      373     0.17281
       35       48     0.17266
       93      125     0.17243
        9       21     0.17237
      269      276     0.17226
      368      374     0.17202
       34       47     0.17184
      255      275     0.17127
       57       70     0.17082
       98      333     0.17078
      102      141     0.17078
      326      343     0.17069
        9       25     0.17050
      107      276     0.17045
       36       48     0.17027
       53       73     0.16998
       92      128     0.16995
      201      344     0.16993
       90      126     0.16993
        9       22     0.16989
       12      160     0.16946
       22       92     0.16930
      122      135     0.16924
      210      259     0.16924
       70       81     0.16881
       53       76     0.16844
       21       55     0.16829
       28      348     0.16822
      113      138     0.16783
      174      276     0.16772
      109      141     0.16744
       75       87     0.16731
       92      124     0.16686
      217      321     0.16680
      193      347     0.16649
       92      123     0.16648
      148      162     0.16643
       74       80     0.16631
       32      135     0.16615
      293      338     0.16594
      135      152     0.16565
      118      254     0.16564
       25       34     0.16560
      135      194     0.16534
       92      127     0.16528
      174      251     0.16501
       37       73     0.16498
      361      370     0.16478
       94      125     0.16470
       89      155     0.16468
       35       41     0.16454
       61       69     0.16443
       90      272     0.16419
      365      373     0.16418
      155      167     0.16382
      159      166     0.16332
       19      195     0.16324
      126      167     0.16319
      204      328     0.16313
      359      370     0.16312
       93      129     0.16310
       10       23     0.16299
       21       48     0.16298
      233      257     0.16287
       10       22     0.16272
       75      116     0.16267
       26       46     0.16259
      204      213     0.16254
       38       53     0.16240
      271      277     0.16236
      365      374     0.16227
      270      328     0.16210
       54       82     0.16190
       90      100     0.16188
       73      130     0.16178
       36      168     0.16124
      131      166     0.16124
      204      211     0.16095
      291      309     0.16089
       44       74     0.16079
      195      213     0.16077
       12       22     0.16074
       24       33     0.16058
      222      245     0.16056
      128      166     0.16055
      127      279     0.16046
      295      301     0.16043
       67      105     0.16033
       20      152     0.16026
       16       22     0.16009
      200      239     0.16009
      328      343     0.16002
       23      165     0.15960
      214      227     0.15938
      325      340     0.15933
      273      341     0.15923
      121      199     0.15917
       50      122     0.15887
      249      350     0.15879
       14      158     0.15878
      105      162     0.15869
      207      259     0.15862
      247      255     0.15858
       58       64     0.15857
      361      373     0.15850
      259      337     0.15844
       16       23     0.15841
       73      128     0.15834
      337      343     0.15830
       13       57     0.15803
       53      131     0.15799
      150      183     0.15777
       47      129     0.15776
      133      195     0.15776
      181      188     0.15774
      120      162     0.15762
      375      384     0.15753
      360      373     0.15751
       70      173     0.15747
      358      368     0.15746
       37      209     0.15735
       39      168     0.15735
       30      121     0.15728
       13      272     0.15726
       48      131     0.15710
      320      343     0.15706
      180      338     0.15698
       39       47     0.15694
      215      227     0.15691
       39      160     0.15687
       85       96     0.15682
       34      135     0.15668
        7       17     0.15656
       67      248     0.15649
       46      209     0.15649
      122      346     0.15648
       32      112     0.15648
      181      256     0.15638
      362      371     0.15633
        8      249     0.15627
      128      167     0.15622
      194      222     0.15612
      105      188     0.15602
      196      244     0.15585
      297      306     0.15583
       41      101     0.15582
      132      166     0.15581
      361      375     0.15571
       57       97     0.15565
      141      186     0.15563
       14       20     0.15561
       50      145     0.15560
      225      243     0.15555
      140      151     0.15554
      296      309     0.15541
      224      253     0.15540
      109      142     0.15536
       15       24     0.15518
       38       65     0.15513
      290      308     0.15496
       16       57     0.15488
      369      375     0.15483
      129      171     0.15479
       14       22     0.15478
      142      175     0.15472
       95      333     0.15461
      290      299     0.15459
       43      120     0.15452
       23      127     0.15452
      367      375     0.15428
      364      371     0.15426
       21       47     0.15418
       48      129     0.15407
      296      302     0.15402
      211      219     0.15399
      137      237     0.15399
      307      313     0.15395
       33       56     0.15394
      108      166     0.15384
      360      372     0.15379
      125      167     0.15369
      198      343     0.15365
       47       65     0.15359
       74      125     0.15350
      296      308     0.15345
       92      131     0.15341
      132      138     0.15341
      237      340     0.15339
       95      188     0.15336
      300      309     0.15328
      326      347     0.15322
      100      107     0.15317
      199      268     0.15316
      320      328     0.15313
      196      249     0.15303
      362      370     0.15303
      359      371     0.15296
      133      194     0.15296
       69       76     0.15292
       64      117     0.15286
       95      104     0.15272
      122      252     0.15266
      213      224     0.15263
       13       23     0.15261
       51       67     0.15244
       73       81     0.15234
      212      229     0.15223
       16       25     0.15214
      318      325     0.15213
      111      261     0.15211
       90      160     0.15209
      364      370     0.15203
      366      374     0.15201
       23       92     0.15201
      151      162     0.15195
      290      307     0.15193
       43      167     0.15191
      362      369     0.15189
       35      165     0.15186
       21       33     0.15182
      122      142     0.15178
      130      155     0.15175
      144      345     0.15174
       71      168     0.15170
      192      248     0.15157
      134      276     0.15147
      292      303     0.15139
      300      307     0.15132
      292      301     0.15128
      124      165     0.15122
      143      202     0.15120
      125      274     0.15118
      295      310     0.15118
      360      369     0.15118
      125      164     0.15114
      109      200     0.15109
      115      280     0.15107
      366      372     0.15103
      360      375     0.15100
       47       92     0.15099
       71      108     0.15098
       53      124     0.15094
       98      246     0.15087
      105      138     0.15085
       93      127     0.15082
      361      372     0.15080
       57      139     0.15077
      362      375     0.15076
      290      297     0.15074
      299      305     0.15074
       48      127     0.15070
      279      341     0.15069
       71       94     0.15067
      203      209     0.15066
       93      128     0.15063
      337      348     0.15041
      181      253     0.15036
      322      329     0.15036
      139      160     0.15033
       74       81     0.15026
       21       92     0.15009
        9       23     0.15009
       23       53     0.15007
      202      211     0.15004
      190      215     0.15003
      115      324     0.15001
       76       93     0.14999
       26      334     0.14999
      209      333     0.14992
      213      222     0.14977
      363      370     0.14974
       76      129     0.14974
      339      347     0.14973
        8       49     0.14972
      230      241     0.14969
       21       94     0.14965
      174      182     0.14960
       72       84     0.14956
      214      258     0.14949
      201      342     0.14949
       76      165     0.14949
      292      304     0.14948
      363      374     0.14938
      179      196     0.14937
       74      276     0.14937
       13       21     0.14937
      204      259     0.14936
      215      255     0.14934
      137      178     0.14926
      125      160     0.14919
       32       57     0.14917
      105      112     0.14912
       73       88     0.14905
      359      369     0.14901
      358      366     0.14901
      102      181     0.14894
      360      371     0.14892
      300      306     0.14883
       57       75     0.14869
       55      281     0.14867
       96      155     0.14864
      111      277     0.14862
      155      162     0.14861
      255      320     0.14861
      122      264     0.14855
      217      224     0.14855
      137      151     0.14854
      361      368     0.14848
      298      309     0.14846
      273      345     0.14844
      322      342     0.14843
      383      397     0.14839
      100      182     0.14837
      291      299     0.14837
      129      167     0.14836
      222      251     0.14835
       74      241     0.14835
      298      307     0.14832
      320      329     0.14822
      392      400     0.14816
      105      137     0.14809
       35      160     0.14804
      332      341     0.14804
      383      392     0.14803
       39       49     0.14801
      303      310     0.14801
      290      296     0.14797
       37      335     0.14788
      359      366     0.14788
      290      310     0.14769
      210      270     0.14763
       85      319     0.14757
      296      306     0.14756
      129      165     0.14751
      362      372     0.14750
      359      372     0.14748
       36      158     0.14748
      291      306     0.14746
      225      340     0.14745
       93      131     0.14745
       28       40     0.14744
      143      251     0.14718
      365      375     0.14709
      269      328     0.14707
      297      314     0.14706
       71      104     0.14702
       67       77     0.14701
      120      138     0.14700
       81      129     0.14698
      159      165     0.14697
       21      243     0.14685
       39       48     0.14681
      188      278     0.14677
      306      314     0.14673
       23       93     0.14672
       74      120     0.14668
       13       25     0.14656
       47       93     0.14655
       93      167     0.14646
      203      259     0.14642
        2       12     0.14638
      364      372     0.14637
      104      175     0.14632
      272      327     0.14630
      364      374     0.14628
       71       84     0.14627
      212      231     0.14625
      331      342     0.14625
       63      198     0.14624
      259      328     0.14620
      145      152     0.14619
       35       76     0.14615
       11      168     0.14615
      134      168     0.14609
      253      340     0.14597
       13       93     0.14587
       23       35     0.14587
       65       84     0.14581
       75       82     0.14579
       63      255     0.14572
       74      274     0.14568
      203      213     0.14567
       13       39     0.14562
       83      255     0.14557
      359      375     0.14555
      145      162     0.14554
      364      373     0.14547
       12      327     0.14544
       49      156     0.14543
       35      124     0.14533
       99      109     0.14529
      324      336     0.14527
      126      132     0.14526
      271      343     0.14520
        8      336     0.14504
      103      110     0.14500
      127      159     0.14498
      359      365     0.14492
      298      314     0.14483
       13       22     0.14471
      358      370     0.14467
      325      334     0.14467
      119      147     0.14466
      204      331     0.14461
      297      305     0.14458
      101      164     0.14455
       48      130     0.14453
      206      213     0.14450
       46      258     0.14449
      223      324     0.14448
      387      399     0.14447
      292      308     0.14445
       52      135     0.14443
       10       19     0.14435
      168      256     0.14429
       15       48     0.14428
       98      278     0.14427
      159      167     0.14424
      155      269     0.14422
      260      325     0.14422
       51      179     0.14419
       50       80     0.14414
      358      364     0.14411
       26       52     0.14401
       79      150     0.14401
      196      348     0.14392
       50      164     0.14391
      219      248     0.14388
       11       36     0.14387
       47      177     0.14387
      162      181     0.14386
      152      181     0.14385
       34       65     0.14384
      215      221     0.14382
      362      373     0.14377
      105      140     0.14372
       15       92     0.14364
       20       49     0.14362
       65      156     0.14361
        8       67     0.14351
      104      168     0.14350
      112      142     0.14349
      195      246     0.14348
       28       34     0.14344
       86      119     0.14342
       82      118     0.14340
      175      343     0.14339
       15       69     0.14339
       89      105     0.14336
      358      365     0.14335
       97      110     0.14334
       53      127     0.14328
       45      198     0.14327
      289      306     0.14326
       39       95     0.14316
      228      241     0.14315
      290      304     0.14315
      100      241     0.14313
      112      125     0.14313
       88      134     0.14313
      294      303     0.14308
       84      175     0.14304
      155      168     0.14298
       40       80     0.14297
       89      101     0.14294
       65       76     0.14294
      294      305     0.14291
      295      303     0.14289
       13       92     0.14286
       65      268     0.14285
      356      371     0.14282
      107      191     0.14281
      255      344     0.14278
       31       39     0.14274
       27       38     0.14269
      130      165     0.14253
      130      139     0.14252
      377      387     0.14248
       75      105     0.14247
      362      368     0.14238
      319      344     0.14237
       83      253     0.14235
      101      319     0.14235
      298      308     0.14224
      366      375     0.14223
      217      340     0.14223
      340      349     0.14219
       90       97     0.14219
      290      303     0.14219
       36      131     0.14215
       95      272     0.14215
      283      314     0.14209
       34      122     0.14201
       62      147     0.14200
      164      322     0.14195
      295      306     0.14193
       68       81     0.14192
       89      251     0.14192
      227      245     0.14191
      358      375     0.14190
      100      126     0.14184
      363      373     0.14183
      275      320     0.14182
      392      402     0.14182
       32      164     0.14173
       46       53     0.14171
      303      314     0.14170
      149      192     0.14167
      199      346     0.14166
       32      320     0.14166
      291      298     0.14165
       29       67     0.14163
       68      168     0.14145
       72      178     0.14145
       45      324     0.14141
       22       48     0.14140
      162      327     0.14130
       47       69     0.14130
       28      170     0.14129
       37       45     0.14126
      328      334     0.14121
      185      234     0.14120
      379      387     0.14117
       76      130     0.14116
      391      397     0.14110
      269      332     0.14110
       75      153     0.14100
      364      375     0.14099
       90      104     0.14095
      375      386     0.14095
       96      133     0.14089
      368      380     0.14081
      360      370     0.14077
       92      167     0.14076
       37       47     0.14075
       93      124     0.14075
      242      250     0.14068
      222      345     0.14067
      101      317     0.14061
      391      399     0.14049
      205      270     0.14043
      221      229     0.14042
      288      299     0.14040
      357      363     0.14039
       30      139     0.14038
       28      325     0.14037
       71      134     0.14035
       45      134     0.14035
       81      171     0.14031
      162      331     0.14028
      250      258     0.14028
       74      167     0.14022
      289      310     0.14019
      361      374     0.14019
       48       92     0.14017
       76       92     0.14016
      385      391     0.14016
        1       17     0.14014
      134      155     0.14014
       70      132     0.14007
      288      307     0.14004
       73      160     0.14004
      256      276     0.14004
      200      317     0.14003
      296      307     0.14000
      199      240     0.13989
       37       95     0.13987
       92      330     0.13985
      147      197     0.13976
        5       28     0.13974
      298      310     0.13969
      132      165     0.13967
       49       59     0.13964
      387      402     0.13964
      105      167     0.13961
       66      103     0.13960
       60      133     0.13960
       80      141     0.13959
      111      119     0.13958
       20       48     0.13957
      296      305     0.13957
      357      370     0.13956
       18      112     0.13953
      320      341     0.13951
       33      185     0.13948
      126      188     0.13942
      198      319     0.13940
       64       85     0.13930
      300      310     0.13928
      231      253     0.13928
       72      220     0.13926
      136      279     0.13920
      383      400     0.13920
      331      341     0.13920
      138      272     0.13919
      356      364     0.13919
       73      125     0.13918
      225      233     0.13917
       10      126     0.13914
      273      329     0.13909
      108      137     0.13908
      111      123     0.13906
      140      153     0.13905
      358      367     0.13901
       74      128     0.13898
       18      347     0.13895
      383      391     0.13895
       34      166     0.13894
      295      314     0.13894
       93      330     0.13891
       37       78     0.13891
       37      239     0.13890
       91      115     0.13888
       44       80     0.13884
       85      105     0.13880
      157      163     0.13880
      153      163     0.13879
      247      338     0.13877
      210      328     0.13877
       89      106     0.13875
      381      387     0.13871
       83      249     0.13871
      105      125     0.13868
      287      295     0.13864
      122      352     0.13858
      291      308     0.13857
      368      383     0.13850
      117      324     0.13850
      125      178     0.13846
        5      149     0.13845
      135      173     0.13844
      363      393     0.13840
       36       90     0.13838
       32      185     0.13837
      100      344     0.13835
      369      388     0.13832
      188      320     0.13828
      294      310     0.13827
       43      105     0.13823
      103      137     0.13818
       76      177     0.13817
       36       47     0.13816
       81       92     0.13815
       90      167     0.13813
      382      397     0.13812
       39      127     0.13808
      219      245     0.13808
       10       24     0.13802
      188      194     0.13801
      295      307     0.13799
      180      186     0.13799
       18       60     0.13792
      194      250     0.13790
       84      111     0.13789
      292      300     0.13788
      304      310     0.13787
       46      199     0.13781
       56      156     0.13777
      325      347     0.13774
       33      148     0.13769
      192      350     0.13768
       63      268     0.13766
      200      224     0.13763
      145      157     0.13763
       18      119     0.13763
        5       83     0.13762
       58      196     0.13761
      377      384     0.13759
      281      314     0.13756
      381      403     0.13755
      303      309     0.13754
      225      245     0.13750
      105      128     0.13750
      360      366     0.13745
      158      333     0.13741
      147      153     0.13738
       76      132     0.13735
        2       18     0.13732
       38      155     0.13727
      382      392     0.13727
      153      202     0.13727
      104      256     0.13725
      254      272     0.13725
      215      231     0.13722
      290      298     0.13721
      203      273     0.13720
      112      191     0.13716
        9       24     0.13711
       17      141     0.13711
      299      315     0.13710
       60      169     0.13710
       22      131     0.13709
      162      256     0.13709
      357      365     0.13709
      259      334     0.13707
      295      315     0.13706
       27       34     0.13705
       66       74     0.13705
      291      303     0.13702
      192      228     0.13702
        8      216     0.13700
       40       50     0.13698
      289      298     0.13695
      105      178     0.13693
      368      375     0.13691
      111      193     0.13691
      127      166     0.13690
       48       81     0.13690
      144      180     0.13689
      285      311     0.13686
      289      307     0.13684
      394      400     0.13683
       12       88     0.13677
      134      167     0.13674
      111      210     0.13674
      360      368     0.13673
      358      374     0.13671
       10       21     0.13670
      184      192     0.13668
      193      350     0.13663
       37      106     0.13662
      121      338     0.13662
        7      196     0.13660
       10       26     0.13658
      392      399     0.13656
      277      327     0.13655
       14       63     0.13655
      297      304     0.13655
       41       68     0.13655
      238      253     0.13651
       71      128     0.13651
      105      204     0.13649
      132      159     0.13639
      298      304     0.13634
       46      281     0.13634
      100      134     0.13633
      114      349     0.13633
      150      216     0.13632
      166      188     0.13626
      160      182     0.13626
       16       24     0.13625
      102      183     0.13623
       49      172     0.13620
      387      396     0.13620
      190      227     0.13618
       12      138     0.13611
      365      372     0.13608
       55       78     0.13606
       23       39     0.13600
      195      217     0.13592
       10       27     0.13591
       11      138     0.13590
      290      306     0.13586
      363      394     0.13583
       61       70     0.13583
      287      303     0.13580
      149      198     0.13579
       46       92     0.13578
       32      161     0.13577
      385      392     0.13575
      145      337     0.13574
      178      190     0.13572
       98      211     0.13570
      190      242     0.13566
      291      297     0.13565
      379      399     0.13564
      379      386     0.13564
      357      366     0.13563
       57      150     0.13561
      217      244     0.13558
      377      386     0.13557
      330      341     0.13556
      150      238     0.13555
      107      128     0.13553
      392      398     0.13547
      220      249     0.13547
      218      227     0.13544
      213      227     0.13544
      102      335     0.13544
      357      369     0.13543
      191      241     0.13543
      205      338     0.13541
       24       38     0.13540
        6      120     0.13540
       13       47     0.13539
      359      368     0.13539
       47      132     0.13539
      150      241     0.13532
      363      371     0.13531
      301      307     0.13528
       32      247     0.13524
      380      399     0.13523
      130      138     0.13520
      191      231     0.13518
       57      278     0.13517
      219      328     0.13517
       48       55     0.13517
       20      175     0.13516
      202      325     0.13513
       76      166     0.13512
       52       65     0.13511
      135      200     0.13511
      366      373     0.13510
      377      385     0.13509
      383      396     0.13509
      144      253     0.13509
       47      126     0.13505
      249      345     0.13502
      285      310     0.13500
      294      300     0.13495
      251      258     0.13491
       96      111     0.13489
       86      100     0.13489
       24       48     0.13487
       28       44     0.13485
      357      372     0.13483
      267      278     0.13483
       91      160     0.13482
       60       67     0.13482
       28       75     0.13482
      124      131     0.13482
      140      188     0.13481
      126      163     0.13478
      160      166     0.13477
      355      363     0.13476
       48       93     0.13474
       42      343     0.13473
       97      201     0.13473
      104      136     0.13472
      105      260     0.13469
      362      374     0.13468
      359      367     0.13468
       91      102     0.13464
       88      125     0.13463
      219      227     0.13462
      167      330     0.13461
      205      213     0.13461
      373      382     0.13460
      355      366     0.13458
      163      176     0.13455
       16       68     0.13454
      363      396     0.13454
       94      156     0.13453
       53       92     0.13450
      249      333     0.13449
      371      383     0.13448
       95      199     0.13447
      388      401     0.13446
       38       74     0.13446
      210      337     0.13444
       57       84     0.13441
      387      397     0.13440
      326      337     0.13440
      291      304     0.13438
       76      128     0.13438
       76      167     0.13437
      288      298     0.13437
      131      160     0.13433
      360      367     0.13431
      225      263     0.13426
      386      403     0.13425
      106      180     0.13425
      357      371     0.13424
      165      177     0.13421
       99      150     0.13419
      359      373     0.13419
      291      313     0.13419
      295      308     0.13411
      119      214     0.13411
      119      235     0.13410
        8       77     0.13410
      385      399     0.13410
      384      392     0.13409
      160      252     0.13409
       36       92     0.13407
       99      251     0.13406
      168      177     0.13404
      205      259     0.13401
      368      387     0.13395
      284      297     0.13392
      204      227     0.13392
      324      348     0.13391
        5       26     0.13389
      137      179     0.13387
      296      304     0.13385
       92      159     0.13383
      384      391     0.13381
       13      154     0.13380
      249      291     0.13376
      126      162     0.13376
      192      202     0.13375
      215      239     0.13368
       20      332     0.13367
      139      177     0.13367
       36      127     0.13363
       43      122     0.13362
      169      276     0.13358
      371      382     0.13354
        9       34     0.13353
      160      274     0.13353
      237      247     0.13351
      108      280     0.13349
      105      271     0.13348
      166      177     0.13348
       34      132     0.13347
      374      400     0.13346
       27       57     0.13345
      364      382     0.13343
       23       94     0.13342
      371      381     0.13340
      287      300     0.13340
      364      379     0.13339
      134      178     0.13336
      375      381     0.13335
       30       44     0.13334
      188      234     0.13333
      369      399     0.13328
      381      391     0.13327
      106      255     0.13327
      379      397     0.13326
       19       25     0.13324
       16       48     0.13320
      227      258     0.13319
       31       68     0.13318
      186      222     0.13317
      374      383     0.13317
      195      260     0.13316
      384      401     0.13316
       57      146     0.13315
      369      387     0.13315
      363      372     0.13312
      201      215     0.13312
        8      194     0.13311
      382      391     0.13311
      373      387     0.13311
      143      200     0.13310
      377      396     0.13310
      258      272     0.13309
        9      129     0.13306
       99      181     0.13303
      380      387     0.13302
      104      327     0.13301
      128      168     0.13300
      356      367     0.13300
      382      396     0.13300
        9      276     0.13300
      106      178     0.13298
      384      397     0.13298
       81       96     0.13296
      298      305     0.13294
      374      389     0.13292
       17       32     0.13291
      356      369     0.13290
       63      190     0.13289
      224      235     0.13287
      178      234     0.13287
       32      138     0.13286
        4      122     0.13285
       43       93     0.13285
       34      127     0.13285
      379      391     0.13283
       23      130     0.13282
      232      271     0.13281
      108      256     0.13280
      296      310     0.13280
      181      189     0.13279
       48      165     0.13277
       20      217     0.13277
      191      349     0.13274
      300      308     0.13273
      110      182     0.13271
      145      256     0.13265
       51      157     0.13264
      365      382     0.13264
      182      348     0.13263
       65       74     0.13257
       41      188     0.13253
       14      145     0.13252
       58       68     0.13251
       47       76     0.13250
      298      306     0.13250
       89      199     0.13248
       90      162     0.13248
      188      273     0.13245
      137      255     0.13244
      331      343     0.13242
      292      309     0.13239
      357      386     0.13238
      161      167     0.13236
      305      311     0.13236
        8      266     0.13236
       92      165     0.13234
      108      121     0.13233
      271      326     0.13233
      379      402     0.13233
       67      150     0.13232
       47      131     0.13230
       89      134     0.13230
      115      318     0.13228
       99      164     0.13228
      374      382     0.13228
       47      165     0.13223
      130      159     0.13222
      377      389     0.13221
      377      391     0.13216
       62      154     0.13215
      339      346     0.13212
      216      285     0.13211
      383      399     0.13209
      196      321     0.13209
        9       16     0.13208
       26      164     0.13207
       67       99     0.13206
      108      253     0.13203
       34      101     0.13203
      356      365     0.13202
       86      133     0.13201
       29      281     0.13200
      296      303     0.13200
      302      314     0.13200
      301      309     0.13199
      272      322     0.13198
      164      270     0.13196
       26       83     0.13196
      168      327     0.13194
        6       15     0.13194
       90      101     0.13193
      197      248     0.13193
      297      309     0.13191
      386      402     0.13190
       21       65     0.13190
      103      247     0.13189
       48      171     0.13187
      111      345     0.13186
       13      327     0.13186
      371      377     0.13185
      193      266     0.13184
      356      368     0.13183
       49      138     0.13182
      343      352     0.13181
       90      134     0.13180
      359      374     0.13176
      301      316     0.13175
      105      168     0.13172
      291      312     0.13172
      383      390     0.13172
      368      399     0.13172
       13      270     0.13171
      299      307     0.13171
      288      306     0.13169
       74      162     0.13169
      294      314     0.13168
      359      396     0.13167
      382      388     0.13167
      284      298     0.13165
       40      156     0.13164
       95      106     0.13163
      387      395     0.13162
      327      347     0.13162
      100      136     0.13161
      243      312     0.13161
      389      400     0.13160
       95      102     0.13159
       18      342     0.13158
      154      327     0.13156
      379      388     0.13156
      284      310     0.13155
      377      394     0.13154
       24       32     0.13152
       91      104     0.13151
      359      394     0.13150
      374      397     0.13149
      259      336     0.13148
      104      160     0.13148
      163      275     0.13147
      284      307     0.13145
       73      134     0.13145
        5      223     0.13143
       55       86     0.13143
      391      398     0.13142
      116      240     0.13141
      135      256     0.13140
      380      394     0.13140
      377      399     0.13137
      197      235     0.13136
      144      184     0.13136
       10       16     0.13134
      290      314     0.13134
      139      165     0.13129
      284      296     0.13129
       94      104     0.13129
       76      131     0.13128
       40      258     0.13126
      384      399     0.13126
      141      156     0.13125
      112      126     0.13122
       54      117     0.13122
      385      397     0.13120
       23       65     0.13115
       83      139     0.13114
      318      350     0.13113
       35       81     0.13112
      386      400     0.13112
      388      395     0.13111
       48      167     0.13111
      223      233     0.13109
      358      373     0.13109
      386      401     0.13109
      395      402     0.13109
      108      254     0.13107
       91      257     0.13106
       89      141     0.13106
       60       68     0.13106
      388      399     0.13105
       65       81     0.13105
      294      306     0.13104
      134      162     0.13104
       52       59     0.13104
       40      256     0.13104
      226      338     0.13100
      198      341     0.13098
      150      197     0.13096
      195      259     0.13096
       72      275     0.13095
      291      301     0.13094
      380      396     0.13094
       52      202     0.13092
      135      169     0.13092
      387      401     0.13091
      151      182     0.13090
      298      313     0.13089
       29       49     0.13088
      253      277     0.13087
       10      151     0.13087
       67      253     0.13086
       70      138     0.13086
       28      169     0.13085
      319      326     0.13085
      297      310     0.13084
       31      115     0.13084
       99      199     0.13082
      112      158     0.13082
      243      340     0.13081
      251      325     0.13081
       22      126     0.13080
      375      382     0.13080
       71      125     0.13080
      357      375     0.13080
       59      311     0.13080
       24       35     0.13079
      153      253     0.13078
      367      389     0.13078
       64      175     0.13077
       10      132     0.13077
      378      387     0.13076
      284      290     0.13075
       89      276     0.13074
       37       77     0.13073
       48      330     0.13072
       35       93     0.13071
       32      157     0.13071
      129      166     0.13070
      210      258     0.13070
      102      178     0.13070
       59      198     0.13069
      108      202     0.13066
      397      403     0.13065
      195      337     0.13065
      374      385     0.13064
       93      130     0.13063
      289      300     0.13061
       30      144     0.13061
      133      155     0.13060
      166      330     0.13060
       28      205     0.13060
      136      145     0.13057
      387      394     0.13057
      373      379     0.13057
      130      167     0.13055
      121      238     0.13054
      233      270     0.13054
       50       67     0.13054
       13      330     0.13052
      381      388     0.13051
      241      333     0.13050
      134      260     0.13049
       66      138     0.13049
       11       41     0.13046
      294      307     0.13045
      358      369     0.13045
      300      311     0.13043
      386      399     0.13043
       99      188     0.13040
      204      334     0.13039
      382      399     0.13038
      127      365     0.13038
      375      388     0.13037
      160      254     0.13036
       15       27     0.13036
      248      258     0.13035
      256      269     0.13033
      382      389     0.13032
      284      294     0.13032
       18       25     0.13031
      251      277     0.13031
       46      123     0.13030
       42       80     0.13029
      332      340     0.13028
      288      309     0.13026
      360      374     0.13025
      289      295     0.13022
      390      397     0.13021
      296      314     0.13020
       63      147     0.13019
       95      269     0.13014
      129      148     0.13012
      302      309     0.13010
      120      271     0.13008
       41      176     0.13008
      286      300     0.13008
      356      402     0.13007
       54       65     0.13006
        5       32     0.13005
       92      166     0.13003
        5      189     0.13002
      168      330     0.13002
      213      226     0.13001
       67      227     0.12997
      204      226     0.12995
      294      308     0.12994
       51      138     0.12993
       99      186     0.12992
      243      269     0.12992
      112      119     0.12991
      302      310     0.12988
      121      230     0.12986
       29      182     0.12986
      131      177     0.12986
       73      168     0.12985
      154      162     0.12984
      292      307     0.12983
       87      257     0.12983
      217      260     0.12980
      364      383     0.12980
      379      385     0.12978
      154      274     0.12977
       82      108     0.12976
      380      402     0.12976
      126      165     0.12975
       22       35     0.12974
       48      166     0.12973
       86      137     0.12972
      107      140     0.12971
      292      312     0.12969
      106      113     0.12968
       58      114     0.12964
       88      101     0.12963
       43      164     0.12962
      283      298     0.12961
       14       71     0.12958
      379      396     0.12953
      361      383     0.12953
       90      274     0.12953
      157      271     0.12952
      246      351     0.12950
      377      402     0.12949
      206      340     0.12949
       71      330     0.12948
      358      371     0.12947
      148      269     0.12947
      286      303     0.12946
      286      304     0.12944
      102      164     0.12944
      365      379     0.12943
       48      177     0.12941
      197      240     0.12940
       52      143     0.12939
      395      403     0.12937
      376      383     0.12937
       65      111     0.12936
       35      127     0.12935
       36      161     0.12933
      377      383     0.12933
      190      199     0.12932
      125      168     0.12931
      371      391     0.12931
      111      138     0.12930
      156      166     0.12928
      258      267     0.12928
       26       34     0.12928
       56       93     0.12928
      289      309     0.12926
      292      315     0.12926
      339      348     0.12924
      122      173     0.12922
      384      398     0.12922
      288      294     0.12920
      120      200     0.12920
      181      264     0.12920
       30      135     0.12920
      293      304     0.12918
       88      328     0.12918
      176      249     0.12916
      293      299     0.12913
      369      384     0.12913
      394      402     0.12911
      299      308     0.12911
       32      332     0.12910
      378      384     0.12907
       57       63     0.12907
       80      112     0.12907
      225      266     0.12907
      150      345     0.12905
       31      105     0.12904
      295      304     0.12903
      152      169     0.12903
      136      154     0.12901
      289      299     0.12900
      297      303     0.12900
      373      403     0.12899
       49       79     0.12899
      287      296     0.12896
      297      313     0.12895
       11       43     0.12892
       26      196     0.12892
      101      168     0.12891
      303      311     0.12890
      377      395     0.12890
      116      187     0.12889
      381      398     0.12889
      110      180     0.12889
       23       76     0.12889
      379      403     0.12889
       91      249     0.12888
       67      153     0.12888
      360      397     0.12887
       58       80     0.12886
      384      403     0.12885
      110      324     0.12884
      223      338     0.12883
      152      172     0.12883
      289      303     0.12882
      364      376     0.12882
      158      278     0.12881
      305      314     0.12880
       73       90     0.12880
      150      156     0.12879
       58       81     0.12878
      363      376     0.12877
      369      402     0.12876
      290      305     0.12876
      367      382     0.12874
      139      156     0.12873
      203      249     0.12872
      294      301     0.12869
      153      161     0.12868
      387      403     0.12867
       28       82     0.12867
      386      395     0.12866
       85      101     0.12865
       24       93     0.12864
      206      216     0.12864
      197      205     0.12861
       60      153     0.12861
      197      250     0.12859
       22      124     0.12858
       88      167     0.12854
       28      322     0.12854
      294      304     0.12854
      227      255     0.12854
      289      296     0.12853
      109      137     0.12852
       95      274     0.12851
      181      196     0.12849
      186      249     0.12847
      201      222     0.12845
      110      122     0.12845
      202      339     0.12845
      229      265     0.12844
      141      164     0.12843
      364      384     0.12843
       84      103     0.12842
      296      313     0.12842
       73      131     0.12838
       41       47     0.12837
      122      131     0.12834
      216      348     0.12833
      368      382     0.12833
       71      160     0.12833
      292      305     0.12832
      297      307     0.12828
      366      382     0.12823
      376      399     0.12822
      372      390     0.12822
      149      280     0.12820
      122      128     0.12820
       16      266     0.12819
      386      396     0.12818
       81      131     0.12817
       36      272     0.12815
      106      141     0.12815
      291      310     0.12812
      297      308     0.12812
       98      126     0.12811
      156      165     0.12810
       35       43     0.12810
      369      380     0.12810
       88      187     0.12809
      116      265     0.12806
      113      198     0.12805
      267      348     0.12805
      391      402     0.12804
      160      174     0.12804
       55      125     0.12803
      288      310     0.12797
      195      224     0.12796
      207      213     0.12794
      213      336     0.12790
      364      399     0.12787
      376      387     0.12787
      368      386     0.12784
      373      383     0.12784
      146      240     0.12781
       22      321     0.12779
      214      229     0.12779
       48      124     0.12778
       20      166     0.12777
        9       19     0.12775
      105      160     0.12774
      287      308     0.12773
      377      388     0.12772
        7       22     0.12771
      120      190     0.12769
       54      208     0.12768
      181      240     0.12767
       32      278     0.12765
      135      329     0.12765
      200      315     0.12765
      190      250     0.12765
      111      120     0.12764
      384      390     0.12764
      117      184     0.12764
      170      193     0.12762
      173      252     0.12762
        4      213     0.12761
      286      292     0.12759
      133      225     0.12759
      284      304     0.12759
      136      177     0.12757
      365      387     0.12756
      337      347     0.12756
      357      394     0.12756
       34      133     0.12755
      287      311     0.12754
       14      161     0.12754
      196      340     0.12753
       81      177     0.12753
       58      340     0.12751
        8      215     0.12751
      283      294     0.12750
       83      133     0.12750
      368      376     0.12750
       97      104     0.12748
        4      197     0.12748
      379      395     0.12748
      113      237     0.12747
      128      164     0.12746
      112      278     0.12744
      361      384     0.12743
      260      333     0.12742
       47       64     0.12739
      177      193     0.12739
      388      394     0.12737
      213      265     0.12736
       92      125     0.12735
      318      328     0.12734
      374      386     0.12734
       77       84     0.12731
        7      194     0.12730
      294      309     0.12729
      107      151     0.12728
       84      179     0.12728
      184      217     0.12728
       83      340     0.12726
       35       92     0.12726
      380      386     0.12726
      217      272     0.12724
      373      398     0.12721
       98      228     0.12721
        7      333     0.12718
      371      384     0.12717
      106      332     0.12716
      379      394     0.12716
      120      227     0.12715
      380      395     0.12715
      364      380     0.12713
      254      337     0.12712
      227      331     0.12712
      359      398     0.12712
       13       76     0.12711
      119      211     0.12708
      317      344     0.12707
       30      182     0.12706
       95      172     0.12706
      375      383     0.12705
      289      301     0.12704
      112      167     0.12704
       90      227     0.12704
      286      310     0.12702
      206      259     0.12701
      256      275     0.12700
      362      387     0.12699
      375      401     0.12699
      284      292     0.12698
      178      338     0.12698
      370      384     0.12693
      364      391     0.12691
      176      221     0.12690
      386      392     0.12690
      214      337     0.12689
       83      144     0.12688
      318      324     0.12688
      290      309     0.12687
      303      315     0.12687
       46       99     0.12686
      134      159     0.12686
       31      120     0.12684
       34      130     0.12684
      364      386     0.12684
      124      167     0.12684
      161      202     0.12681
       28       51     0.12681
       83      181     0.12681
      369      379     0.12680
      331      338     0.12679
       42       48     0.12679
       91      274     0.12677
       51      256     0.12675
      135      229     0.12675
      389      397     0.12674
       11      327     0.12673
       94      160     0.12672
       15       38     0.12671
      129      135     0.12671
      382      395     0.12670
      356      362     0.12669
      112      124     0.12669
      365      377     0.12667
       30       49     0.12667
      376      397     0.12665
      247      280     0.12665
      363      397     0.12665
      357      368     0.12664
       29       59     0.12664
       13      156     0.12661
        7      202     0.12661
       45      273     0.12660
      289      313     0.12659
      371      387     0.12658
        1      276     0.12658
      254      324     0.12657
      299      306     0.12657
       39      166     0.12657
       93      171     0.12657
      295      305     0.12656
      368      384     0.12655
      292      306     0.12653
      389      395     0.12652
      200      349     0.12649
      195      347     0.12648
       17       45     0.12647
      162      172     0.12645
      366      379     0.12644
      155      172     0.12644
      101      144     0.12640
      101      327     0.12637
      175      211     0.12635
      237      338     0.12635
       71       90     0.12634
      289      297     0.12633
      325      345     0.12633
      129      139     0.12631
      376      386     0.12631
      299      309     0.12631
      223      235     0.12631
       41       87     0.12631
        3      182     0.12630
        7      248     0.12629
        3       59     0.12626
      211      328     0.12625
       99      105     0.12624
      393      400     0.12624
      144      202     0.12624
      293      319     0.12623
       49      340     0.12623
       28      162     0.12623
      107      142     0.12622
      181      339     0.12622
       58      244     0.12620
      369      381     0.12618
      127      357     0.12618
       34       76     0.12618
      390      399     0.12617
      126      140     0.12613
      254      274     0.12612
       72      176     0.12611
       88      131     0.12611
        6       32     0.12610
      207      270     0.12610
      369      390     0.12610
      291      305     0.12610
      368      391     0.12608
       19      156     0.12607
      197      209     0.12607
      189      335     0.12605
       14      133     0.12604
      197      216     0.12603
      169      193     0.12601
      389      399     0.12601
       58      111     0.12601
      358      372     0.12599
      213      219     0.12599
      365      383     0.12599
       23       47     0.12598
      371      379     0.12598
      104      274     0.12597
      116      342     0.12595
       19      112     0.12595
       25       48     0.12594
      391      403     0.12593
      366      380     0.12591
       88      129     0.12589
      128      160     0.12589
      126      161     0.12589
      367      399     0.12588
      358      394     0.12587
      152      201     0.12587
      202      227     0.12587
       55      243     0.12586
       73      123     0.12586
      234      250     0.12586
      367      387     0.12583
      281      299     0.12582
       58      191     0.12582
       43       49     0.12581
       78      122     0.12581
       54      319     0.12580
      367      380     0.12579
      295      313     0.12577
      374      388     0.12577
      292      314     0.12576
      126      143     0.12576
      381      400     0.12575
      390      401     0.12575
        6      312     0.12574
      115      260     0.12573
       19       40     0.12573
        9       20     0.12573
       53       70     0.12573
      383      403     0.12572
      357      396     0.12571
      136      175     0.12570
      168      274     0.12570
       60      115     0.12569
      219      325     0.12569
       97      233     0.12568
      244      339     0.12568
       66       84     0.12567
      289      304     0.12567
      376      385     0.12566
      376      394     0.12562
      374      387     0.12561
      290      313     0.12561
      376      382     0.12560
        2       13     0.12559
       42      105     0.12559
      212      262     0.12559
       17      272     0.12558
       71      274     0.12558
      299      310     0.12556
      110      225     0.12555
      142      251     0.12554
      273      337     0.12553
      287      305     0.12553
       54       86     0.12551
        3      286     0.12549
       70      133     0.12548
      360      382     0.12548
       13       48     0.12548
      128      330     0.12546
      258      346     0.12545
        7      258     0.12543
      241      256     0.12543
      307      314     0.12543
        3       29     0.12542
      243      249     0.12542
      356      381     0.12541
       16       55     0.12539
       76      279     0.12539
      301      314     0.12538
      176      318     0.12537
      199      244     0.12536
      199      265     0.12535
      116      216     0.12534
      294      302     0.12534
      375      387     0.12533
      356      366     0.12532
        2       29     0.12532
       39       91     0.12532
        3       95     0.12532
        5      218     0.12532
      206      225     0.12531
      254      273     0.12531
       70      131     0.12530
       44      104     0.12529
      122      165     0.12529
      236      324     0.12528
      293      315     0.12528
      363      375     0.12527
      362      399     0.12526
       88      207     0.12526
      205      255     0.12524
       38      159     0.12523
      185      349     0.12523
      172      272     0.12521
      369      386     0.12520
       75      137     0.12520
      383      389     0.12520
      122      129     0.12518
      366      383     0.12517
       57      111     0.12517
       84      165     0.12517
      119      330     0.12516
      140      157     0.12515
       74      136     0.12515
      371      385     0.12515
      362      401     0.12514
      211      260     0.12514
      122      166     0.12514
      293      303     0.12513
       70      168     0.12513
      373      399     0.12512
       30      333     0.12512
       68      276     0.12512
       28      190     0.12511
       72      121     0.12508
       73       92     0.12508
      184      222     0.12508
      269      278     0.12507
       49      133     0.12505
      256      325     0.12505
       33       46     0.12503
       54       85     0.12502
      364      377     0.12501
      373      386     0.12501
      365      381     0.12500
      190      220     0.12499
      356      373     0.12499
       79      220     0.12499
       94      164     0.12499
      136      337     0.12498
      300      314     0.12498
       27       47     0.12497
      112      272     0.12495
      243      254     0.12495
      140      277     0.12494
      106      199     0.12494
      100      167     0.12492
      187      258     0.12491
      126      164     0.12490
      100      138     0.12490
       39      175     0.12490
      145      158     0.12489
      150      194     0.12487
      367      396     0.12487
      362      382     0.12486
      198      349     0.12485
       32      109     0.12485
      110      217     0.12485
      383      393     0.12485
      355      364     0.12485
      356      363     0.12484
      363      382     0.12484
      171      177     0.12484
       31       66     0.12484
      357      393     0.12482
       42      348     0.12479
      219      226     0.12479
       66       83     0.12477
       93      175     0.12475
      376      400     0.12475
      155      256     0.12475
      200      257     0.12474
        2      179     0.12473
       74       93     0.12473
       78      216     0.12471
       42      118     0.12470
      381      394     0.12470
       33      334     0.12469
      373      392     0.12469
      224      236     0.12468
      368      394     0.12467
      371      386     0.12466
      147      172     0.12466
      136      180     0.12465
       37       72     0.12465
       29       46     0.12464
      384      395     0.12464
      178      276     0.12463
       39      330     0.12462
      117      192     0.12461
       43      101     0.12461
      216      267     0.12460
       48      125     0.12460
      281      300     0.12460
      380      397     0.12458
      338      348     0.12457
      385      401     0.12456
      155      248     0.12456
       36       53     0.12456
      369      376     0.12455
      389      396     0.12455
       59      175     0.12455
      385      394     0.12455
      293      301     0.12455
      296      315     0.12454
      125      165     0.12454
      201      246     0.12452
       81      136     0.12449
      117      128     0.12448
      141      193     0.12448
      381      397     0.12446
      363      399     0.12445
      376      392     0.12443
       36       52     0.12443
       28      250     0.12441
       25       43     0.12441
      374      381     0.12440
       68      329     0.12438
      290      301     0.12438
      190      329     0.12438
      276      317     0.12437
      381      402     0.12435
       97      119     0.12432
      133      258     0.12432
      283      293     0.12430
      133      216     0.12430
      368      388     0.12429
       36       56     0.12428
      122      273     0.12427
      307      315     0.12427
       83      195     0.12427
      140      264     0.12426
       79      249     0.12425
       79      262     0.12424
       30      241     0.12424
      379      389     0.12423
      372      383     0.12423
      387      393     0.12423
       32      215     0.12419
      369      385     0.12419
       90      327     0.12419
       78      139     0.12419
      198      223     0.12416
      292      298     0.12416
      318      337     0.12416
       57      325     0.12416
      258      328     0.12415
      376      401     0.12415
      109      143     0.12414
      377      401     0.12412
      291      307     0.12412
      373      388     0.12411
      371      389     0.12411
      389      402     0.12410
      131      156     0.12410
       56      131     0.12410
      127      367     0.12408
      371      378     0.12406
      298      315     0.12406
      138      172     0.12406
      120      135     0.12405
      361      397     0.12405
       34      129     0.12405
      179      248     0.12405
      256      272     0.12404
      384      400     0.12404
       21      274     0.12403
      222      250     0.12403
      140      219     0.12402
      225      242     0.12401
      391      400     0.12401
       18      250     0.12401
      102      189     0.12399
      136      159     0.12398
      376      384     0.12395
       25      165     0.12393
      122      217     0.12393
       56      140     0.12393
      222      239     0.12393
       60      209     0.12393
      288      308     0.12392
       78       87     0.12392
       21       35     0.12391
      163      172     0.12391
        7      150     0.12390
       82      111     0.12390
      233      302     0.12390
       13      192     0.12389
      144      179     0.12389
      124      139     0.12388
       88      270     0.12388
      283      310     0.12388
      369      395     0.12387
      107      221     0.12386
       62       80     0.12386
      204      337     0.12386
      227      260     0.12385
       12       18     0.12384
      259      268     0.12384
       23      122     0.12383
      366      376     0.12382
      289      302     0.12382
      375      395     0.12382
      379      400     0.12381
      186      203     0.12380
        4      109     0.12378
       51       88     0.12378
      183      324     0.12378
      382      401     0.12376
       26       59     0.12376
      167      279     0.12376
      130      136     0.12373
      367      377     0.12372
      106      212     0.12372
      148      216     0.12371
      100      202     0.12371
      368      381     0.12370
      364      388     0.12370
       31      106     0.12370
      328      344     0.12370
      290      300     0.12369
      369      377     0.12368
      377      397     0.12368
       19      324     0.12368
      370      377     0.12367
       71      165     0.12367
      206      214     0.12367
      373      380     0.12367
      360      401     0.12366
       16      115     0.12366
      271      280     0.12365
      356      375     0.12361
      105      335     0.12360
      194      246     0.12360
      287      314     0.12359
       46       83     0.12359
      215      241     0.12358
      391      401     0.12358
      369      394     0.12356
      379      392     0.12356
      355      365     0.12355
      370      382     0.12355
       48      128     0.12355
      136      151     0.12355
      357      367     0.12354
      117      240     0.12353
       39      172     0.12352
      375      399     0.12351
       80      199     0.12350
       66      276     0.12349
      379      390     0.12348
       96      134     0.12348
      387      400     0.12348
      106      189     0.12348
       38       52     0.12347
        8      244     0.12346
       11      183     0.12346
       21      127     0.12346
      213      229     0.12345
      377      403     0.12345
      287      294     0.12345
      163      230     0.12344
      366      387     0.12344
      288      302     0.12344
      123      134     0.12344
      392      401     0.12344
       23      166     0.12343
      108      227     0.12343
      360      388     0.12343
      327      345     0.12343
      373      384     0.12342
      118      339     0.12342
      381      401     0.12341
      282      294     0.12341
       65      132     0.12336
      145      178     0.12334
       75      228     0.12334
       11      164     0.12334
      140      182     0.12334
      365      376     0.12333
      157      232     0.12333
      184      221     0.12332
      394      403     0.12332
       67      113     0.12332
       21      165     0.12331
      394      401     0.12330
       98      201     0.12330
      149      268     0.12330
       66      100     0.12329
      143      156     0.12328
      367      376     0.12326
      329      337     0.12326
      367      401     0.12325
      378      388     0.12325
       11      335     0.12325
      355      369     0.12325
       21      317     0.12324
      131      167     0.12324
      355      375     0.12324
      305      313     0.12323
       63      196     0.12322
      287      307     0.12322
        6       83     0.12321
      114      143     0.12321
      361      382     0.12321
       53       61     0.12320
      197      212     0.12320
      244      348     0.12320
       35       52     0.12320
      367      390     0.12319
        4      270     0.12319
      195      280     0.12318
      195      266     0.12318
      368      379     0.12317
      299      314     0.12315
      359      376     0.12315
      130      166     0.12315
      263      285     0.12314
       34       67     0.12312
      378      389     0.12312
      304      314     0.12310
      393      399     0.12309
       81       90     0.12308
      380      389     0.12308
      262      320     0.12307
       34       44     0.12306
      118      366     0.12306
      367      379     0.12305
       76      124     0.12304
      375      400     0.12303
      217      223     0.12303
       61       71     0.12302
      382      394     0.12302
      179      217     0.12302
       11      105     0.12302
      354      368     0.12301
      381      399     0.12300
      359      387     0.12300
      306      313     0.12300
      236      243     0.12299
      219      260     0.12299
       35      167     0.12298
      124      340     0.12296
      378      399     0.12295
       26      224     0.12295
      375      403     0.12294
       71      272     0.12292
       67      173     0.12292
      386      394     0.12291
      174      224     0.12290
      373      401     0.12289
      359      381     0.12289
      226      249     0.12288
       29      314     0.12288
       36       93     0.12288
      286      306     0.12285
      297      315     0.12285
      355      362     0.12283
      204      260     0.12283
      359      382     0.12282
      255      338     0.12282
      147      163     0.12281
       94      257     0.12280
      282      296     0.12278
      103      133     0.12278
       29      313     0.12278
      363      380     0.12277
      380      392     0.12277
       36       50     0.12277
      166      172     0.12276
      181      243     0.12276
      377      392     0.12276
      370      381     0.12272
       92      171     0.12272
       73      132     0.12271
      132      171     0.12270
       53      177     0.12269
      146      184     0.12268
      357      374     0.12268
      254      323     0.12267
      341      347     0.12267
      248      348     0.12267
      204      253     0.12265
      356      379     0.12265
      364      402     0.12264
      257      274     0.12263
      375      396     0.12263
      363      379     0.12261
       89      167     0.12261
      195      255     0.12259
      359      379     0.12259
      192      198     0.12259
      284      314     0.12259
      104      257     0.12258
      217      246     0.12258
      243      262     0.12257
      204      232     0.12257
      168      272     0.12256
       10       34     0.12255
      396      402     0.12255
      360      381     0.12253
      100      155     0.12252
      288      297     0.12252
       68       76     0.12250
      138      173     0.12248
       16       56     0.12247
      143      227     0.12247
       86      272     0.12246
      181      351     0.12245
      369      392     0.12242
      138      343     0.12242
      107      156     0.12242
      144      250     0.12241
      123      129     0.12241
       40      112     0.12241
       64      271     0.12240
       81      166     0.12237
       54      340     0.12237
      107      253     0.12235
       76      122     0.12235
       37      216     0.12233
      156      268     0.12232
      389      398     0.12231
      327      336     0.12230
      137      213     0.12228
      101      254     0.12228
       34       53     0.12228
      284      309     0.12227
       64      169     0.12227
       82      246     0.12226
      181      209     0.12226
      250      285     0.12225
      153      249     0.12224
      109      125     0.12223
      142      203     0.12223
       36      130     0.12220
      288      296     0.12220
       81       93     0.12220
       44      140     0.12219
      288      300     0.12219
      151      338     0.12219
       66      104     0.12219
       10       18     0.12217
        6      308     0.12215
       48       65     0.12215
       28      156     0.12215
      303      312     0.12214
       40      190     0.12214
       77       85     0.12213
      144      280     0.12213
      190      217     0.12213
       99      220     0.12212
      315      325     0.12212
      362      390     0.12212
      196      343     0.12211
      135      168     0.12210
      383      402     0.12209
      369      391     0.12208
      368      377     0.12208
      386      398     0.12208
      354      394     0.12207
      105      153     0.12206
      283      299     0.12205
      195      334     0.12204
      376      402     0.12204
       50      246     0.12204
      110      242     0.12203
      100      254     0.12203
      356      399     0.12202
       30      229     0.12202
       25       93     0.12202
       40       47     0.12202
       42       55     0.12201
      382      390     0.12201
       80      243     0.12199
      134      254     0.12198
      183      193     0.12196
       30      161     0.12196
       71       87     0.12195
       37       74     0.12195
      372      392     0.12195
       27       48     0.12193
       50       60     0.12191
      115      125     0.12190
        7      318     0.12190
      276      351     0.12190
       57      276     0.12190
      355      361     0.12189
      118      253     0.12188
       62      191     0.12187
      380      388     0.12187
      120      172     0.12187
      388      400     0.12186
      288      305     0.12186
      283      306     0.12185
      380      398     0.12184
       39       53     0.12184
      388      397     0.12183
      361      390     0.12183
      295      302     0.12182
       89      112     0.12181
       77      151     0.12181
      289      305     0.12181
       88      329     0.12180
      284      305     0.12180
       45       68     0.12180
      390      396     0.12178
       92      126     0.12178
      372      382     0.12178
      295      311     0.12178
      312      344     0.12177
      141      182     0.12176
       56      104     0.12176
      358      396     0.12176
       38       68     0.12176
      363      402     0.12176
      369      378     0.12176
      364      381     0.12175
      255      282     0.12175
      283      290     0.12173
      104      336     0.12172
       95      181     0.12172
      362      402     0.12172
      257      337     0.12171
      151      204     0.12171
      122      174     0.12171
      356      383     0.12170
       22       98     0.12168
       83      113     0.12168
      200      343     0.12168
       97      202     0.12167
      127      167     0.12167
       93      273     0.12166
       26      140     0.12166
      123      130     0.12166
      287      297     0.12165
      286      309     0.12164
      373      395     0.12163
      337      352     0.12163
      134      257     0.12163
       39       65     0.12163
      170      177     0.12163
      127      368     0.12163
      130      330     0.12162
       86      103     0.12160
       39      226     0.12158
      127      371     0.12158
      132      167     0.12158
      361      388     0.12157
      180      250     0.12157
      143      150     0.12156
      383      394     0.12156
      372      398     0.12155
      154      273     0.12155
      234      275     0.12154
       39      128     0.12153
      362      384     0.12153
      100      109     0.12153
      321      347     0.12153
       66      238     0.12152
       24       34     0.12152
      300      313     0.12151
       89      137     0.12151
      384      396     0.12151
      134      327     0.12150
      198      313     0.12150
       97      259     0.12149
       15       76     0.12149
      375      391     0.12146
      362      380     0.12145
      109      227     0.12145
       91      156     0.12145
      360      400     0.12145
      288      304     0.12144
       23      172     0.12144
      365      391     0.12143
      357      382     0.12143
      112      208     0.12143
      293      316     0.12143
      104      123     0.12142
      115      321     0.12142
       42      242     0.12142
       42      167     0.12142
      375      397     0.12142
      125      330     0.12141
      211      227     0.12140
      235      249     0.12140
      122      237     0.12140
       28      152     0.12139
       73      164     0.12138
      129      330     0.12137
      104      279     0.12137
       20      103     0.12137
      124      316     0.12137
      157      189     0.12135
      388      396     0.12135
        4       52     0.12134
      363      387     0.12132
      376      389     0.12132
      382      402     0.12132
      218      229     0.12131
        6      103     0.12131
      116      245     0.12130
      162      204     0.12129
       50       77     0.12128
       17      182     0.12128
      144      214     0.12128
      282      306     0.12128
       91      250     0.12127
      116      176     0.12126
       17      135     0.12125
      290      302     0.12125
      157      242     0.12125
      236      350     0.12123
       60      203     0.12123
      175      253     0.12122
      308      396     0.12121
      381      390     0.12121
       47      166     0.12120
      361      394     0.12119
      361      379     0.12119
      140      160     0.12119
      149      197     0.12118
      199      238     0.12118
      206      337     0.12117
      105      172     0.12116
      150      160     0.12115
      365      399     0.12113
       22      266     0.12113
      125      159     0.12112
      364      397     0.12112
      362      379     0.12111
      200      256     0.12109
       14      172     0.12108
       98      108     0.12107
      126      269     0.12107
      117      200     0.12107
      287      299     0.12106
        5      186     0.12106
      287      293     0.12106
       51      235     0.12105
      178      236     0.12105
      357      364     0.12104
      367      383     0.12104
       26       98     0.12104
      141      177     0.12104
      114      201     0.12103
      383      398     0.12103
      373      381     0.12102
      182      252     0.12102
      202      236     0.12100
      263      319     0.12099
      127      273     0.12099
      162      215     0.12098
      370      389     0.12097
      112      118     0.12096
      134      269     0.12095
       28       53     0.12093
      370      390     0.12093
       34      160     0.12091
       36      167     0.12090
      369      401     0.12089
       47      167     0.12088
      372      387     0.12088
      381      392     0.12088
       42      119     0.12086
      373      385     0.12086
       19      161     0.12085
      356      380     0.12085
      355      396     0.12084
       21      131     0.12083
       20      167     0.12083
       55      137     0.12082
       24       92     0.12080
      188      197     0.12080
      214      223     0.12080
       37      188     0.12079
        2       17     0.12078
      368      401     0.12078
      378      391     0.12077
      359      384     0.12077
      382      400     0.12076
       80       97     0.12074
      321      344     0.12073
      303      313     0.12073
      301      336     0.12072
      149      179     0.12072
      287      306     0.12072
       32       54     0.12072
      355      368     0.12071
       29      343     0.12070
      102      120     0.12069
       27      322     0.12069
       92      101     0.12068
      138      158     0.12068
      249      261     0.12067
       28       80     0.12067
       23      131     0.12067
      202      209     0.12066
      356      374     0.12064
       32       66     0.12062
      291      311     0.12061
      133      162     0.12059
      291      314     0.12058
      129      177     0.12058
      323      332     0.12058
      381      395     0.12057
       60      347     0.12055
       26       32     0.12055
      185      238     0.12055
       15       34     0.12054
      139      159     0.12053
       90      137     0.12052
      295      309     0.12052
      356      387     0.12051
      360      383     0.12051
      122      239     0.12049
      384      402     0.12049
       10       92     0.12048
      281      337     0.12047
      140      242     0.12046
       85      125     0.12046
       14       60     0.12046
       67      142     0.12046
      104      138     0.12046
       34      357     0.12046
       32      103     0.12046
      243      260     0.12045
      311      319     0.12045
       34      124     0.12045
      363      401     0.12043
       15       93     0.12042
      386      397     0.12042
      363      400     0.12041
      380      391     0.12041
      370      376     0.12040
      258      337     0.12040
       77      271     0.12039
      356      392     0.12039
      380      390     0.12038
      184      214     0.12038
      104      330     0.12038
      203      278     0.12037
       32      347     0.12036
       39      188     0.12036
      196      206     0.12035
      271      341     0.12035
       68       88     0.12034
      120      153     0.12034
      141      168     0.12032
      308      394     0.12031
      358      399     0.12031
        8      335     0.12031
      381      389     0.12031
       81      122     0.12031
      241      334     0.12031
        3      347     0.12030
      169      197     0.12030
      385      402     0.12030
      145      322     0.12028
      122      215     0.12027
      364      387     0.12027
       83      350     0.12026
      164      173     0.12025
      359      383     0.12025
      287      298     0.12025
      122      219     0.12024
      215      223     0.12024
       29      178     0.12024
       91      312     0.12023
       21      152     0.12022
       34      193     0.12022
       17       56     0.12022
      371      388     0.12022
      373      396     0.12021
      367      400     0.12020
      223      342     0.12020
      143      175     0.12019
      114      319     0.12019
      135      165     0.12018
       75      112     0.12018
      360      399     0.12018
      356      397     0.12017
      192      348     0.12016
      293      308     0.12016
      286      296     0.12015
      363      395     0.12015
       22      165     0.12014
       20       42     0.12014
      268      328     0.12014
      369      382     0.12013
       11      108     0.12013
      119      238     0.12012
       76      362     0.12012
       37       96     0.12012
      357      373     0.12011
      284      315     0.12011
      102      333     0.12009
       41      177     0.12009
      341      355     0.12009
      369      398     0.12008
      392      403     0.12008
      368      398     0.12004
      361      396     0.12003
      155      165     0.12002
      160      173     0.12002
      128      134     0.12000
      206      331     0.11999
       31      136     0.11999
      338      344     0.11998
       70      134     0.11998
       36       44     0.11997
       95      107     0.11995
      136      276     0.11995
      103      255     0.11994
      100      162     0.11994
      191      278     0.11993
      155      161     0.11993
      379      401     0.11992
       53       81     0.11990
      241      322     0.11990
      164      327     0.11990
      154      209     0.11989
      281      297     0.11989
      359      380     0.11989
      116      234     0.11988
      246      253     0.11988
      354      362     0.11987
      283      309     0.11985
       44       54     0.11985
      178      277     0.11985
       16      273     0.11984
      324      347     0.11984
       22      151     0.11984
       69       92     0.11984
       40      330     0.11983
      189      265     0.11982
      362      400     0.11980
      332      338     0.11977
      288      295     0.11975
       94      248     0.11975
      137      175     0.11975
       99      137     0.11975
      370      379     0.11975
      121      174     0.11975
      191      345     0.11974
      116      197     0.11973
       11      112     0.11971
      388      403     0.11969
       68       84     0.11969
      372      399     0.11969
       12      137     0.11968
      139      336     0.11967
      354      385     0.11967
      355      394     0.11966
      227      267     0.11966
       70      340     0.11966
        6       58     0.11965
       88      155     0.11965
      234      260     0.11964
      362      386     0.11963
        5      276     0.11960
      374      392     0.11960
       51      140     0.11958
      360      387     0.11957
      254      320     0.11957
      184      198     0.11956
       89      172     0.11955
      114      121     0.11955
       38       76     0.11954
      208      261     0.11953
      361      380     0.11953
      377      400     0.11952
      365      386     0.11952
      357      385     0.11952
      183      237     0.11950
      275      283     0.11949
      225      247     0.11948
      361      402     0.11947
      276      335     0.11946
      208      246     0.11945
      219      249     0.11945
      354      363     0.11944
       18      156     0.11944
       53      162     0.11943
      223      339     0.11942
       57      227     0.11942
       25       32     0.11941
      189      225     0.11941
      364      396     0.11941
      322      341     0.11940
      225      337     0.11940
        4      105     0.11940
      109      115     0.11939
       81      139     0.11939
      363      389     0.11938
      363      398     0.11938
      359      385     0.11938
      113      145     0.11938
      157      241     0.11936
      297      395     0.11935
       84      344     0.11935
       43       52     0.11935
       36       76     0.11935
      248      342     0.11934
      282      297     0.11931
      273      279     0.11931
      384      394     0.11930
      305      312     0.11930
       90      334     0.11929
      358      384     0.11928
      266      323     0.11928
      379      398     0.11927
      293      309     0.11927
      100      278     0.11927
       79      268     0.11924
      103      186     0.11924
       53      129     0.11924
      115      257     0.11924
      150      157     0.11923
      232      342     0.11923
      374      402     0.11922
       27       43     0.11922
        9       48     0.11921
      378      397     0.11920
       18      352     0.11920
       38       93     0.11919
      134      274     0.11918
      140      247     0.11918
      117      251     0.11917
       87      157     0.11917
      182      215     0.11916
      283      303     0.11915
      378      394     0.11913
      372      391     0.11913
       11      141     0.11912
       45      105     0.11912
       60      346     0.11912
       22      164     0.11912
       57      143     0.11912
       37      126     0.11911
      284      291     0.11911
      184      200     0.11911
      304      313     0.11911
       69       77     0.11911
      193      254     0.11911
      286      294     0.11910
      183      278     0.11910
        7      178     0.11910
       57      341     0.11909
       63      116     0.11909
      362      395     0.11908
      136      165     0.11908
       91       97     0.11907
        3       12     0.11907
       22       76     0.11906
       54       80     0.11906
       11       80     0.11905
      308      314     0.11904
      287      304     0.11904
      281      294     0.11903
       99      227     0.11903
      182      331     0.11902
      198      215     0.11902
      367      391     0.11902
      376      396     0.11902
      362      397     0.11902
      172      325     0.11901
      139      198     0.11900
       44      125     0.11900
       52       86     0.11899
      360      376     0.11898
       48      132     0.11898
       57      201     0.11897
       32       60     0.11896
      128      352     0.11896
      216      350     0.11894
       74      221     0.11893
      195      254     0.11893
      145      275     0.11893
      212      228     0.11892
      200      333     0.11892
       35      166     0.11892
      244      251     0.11891
      364      392     0.11890
      288      303     0.11890
      109      151     0.11888
      207      234     0.11888
      116      214     0.11886
      151      159     0.11886
      195      239     0.11886
      381      396     0.11885
      210      216     0.11884
      122      140     0.11884
      371      396     0.11884
       33       61     0.11884
      383      401     0.11883
      120      328     0.11882
      383      395     0.11882
       95      137     0.11882
      100      195     0.11881
       38      165     0.11880
       32      291     0.11880
       76      171     0.11879
      365      384     0.11877
      137      181     0.11876
      202      224     0.11876
      114      225     0.11876
      366      377     0.11876
      224      347     0.11875
      286      295     0.11875
      105      151     0.11873
        6      348     0.11872
      369      383     0.11870
      378      390     0.11870
      185      256     0.11869
      195      264     0.11869
      199      227     0.11868
      109      248     0.11868
       50       91     0.11868
      361      387     0.11867
      369      389     0.11866
      282      295     0.11866
      160      272     0.11865
      217      241     0.11864
      221      228     0.11860
      396      403     0.11860
       21      166     0.11860
      178      193     0.11859
       16       36     0.11858
      238      345     0.11857
      365      396     0.11857
        6      305     0.11856
      241      317     0.11856
      365      385     0.11856
      368      385     0.11855
      289      358     0.11855
      186      227     0.11854
       39       56     0.11854
       86      193     0.11852
      369      396     0.11852
      356      378     0.11850
       38      130     0.11849
      143      268     0.11849
      372      384     0.11848
      182      219     0.11848
       83      190     0.11846
       13      333     0.11846
      111      200     0.11846
      362      396     0.11845
      376      391     0.11845
      378      392     0.11843
        6       24     0.11843
      103      166     0.11843
      155      173     0.11843
      369      397     0.11842
       75      223     0.11842
      362      377     0.11841
      375      398     0.11841
      145      156     0.11841
      162      328     0.11840
      374      390     0.11839
      373      402     0.11839
      287      313     0.11839
      367      384     0.11838
       76      357     0.11838
      375      392     0.11838
      151      218     0.11837
      117      183     0.11837
      284      293     0.11836
       35      131     0.11836
      115      169     0.11836
      256      268     0.11835
      355      370     0.11835
      122      218     0.11835
       72      118     0.11835
      116      189     0.11834
      359      390     0.11833
      216      243     0.11831
      323      337     0.11831
      163      184     0.11829
       90      103     0.11828
      371      398     0.11828
      109      228     0.11828
       99      115     0.11826
      329      340     0.11826
      113      196     0.11826
       28      158     0.11826
       89      191     0.11825
      184      337     0.11822
      359      393     0.11821
       75      147     0.11821
      236      280     0.11820
      122      130     0.11820
      377      398     0.11820
      234      255     0.11820
       39       45     0.11820
      120      318     0.11819
      360      386     0.11819
       53      171     0.11818
      163      219     0.11818
      133      214     0.11817
      289      314     0.11816
      104      125     0.11814
      231      249     0.11813
      164      328     0.11812
      371      390     0.11812
      284      313     0.11812
       88      168     0.11811
      116      250     0.11811
       62       74     0.11809
      224      231     0.11808
      360      403     0.11808
      184      190     0.11807
      175      280     0.11806
       37      337     0.11806
      373      397     0.11805
      133      251     0.11804
      123      168     0.11804
       98      195     0.11804
      215      249     0.11804
      253      270     0.11804
      253      260     0.11803
       94      161     0.11803
      122      338     0.11802
      152      173     0.11802
      217      238     0.11801
      119      269     0.11801
      289      308     0.11801
      367      386     0.11801
       81      279     0.11800
      105      182     0.11800
       69       96     0.11798
       74       95     0.11798
       30      152     0.11795
       50      168     0.11795
       63      335     0.11795
       31       44     0.11794
      385      396     0.11794
      107      168     0.11794
        2      142     0.11793
       44      105     0.11792
      274      331     0.11792
      131      159     0.11791
       68       94     0.11790
      283      297     0.11790
      100      108     0.11790
      293      307     0.11789
      372      378     0.11789
      334      341     0.11789
       43       92     0.11789
      110      349     0.11788
      372      386     0.11788
      360      380     0.11786
      185      268     0.11786
      286      297     0.11786
      252      320     0.11786
      199      207     0.11786
      118      169     0.11786
      214      260     0.11785
       49      320     0.11785
      356      388     0.11784
      186      278     0.11782
      364      390     0.11782
      194      226     0.11781
        2      316     0.11781
        7       29     0.11780
        6      133     0.11780
        1      320     0.11780
       36       86     0.11778
      140      335     0.11777
       11      235     0.11777
      108      228     0.11777
      372      401     0.11776
       97      137     0.11776
       50      264     0.11775
       29      293     0.11775
      218      228     0.11775
      363      383     0.11775
      274      341     0.11775
      291      302     0.11775
      378      402     0.11773
       20       91     0.11773
      225      248     0.11773
       57      337     0.11771
      246      255     0.11770
      360      398     0.11769
      361      398     0.11768
      183      258     0.11768
      197      262     0.11768
      261      337     0.11767
      251      345     0.11767
      172      320     0.11766
        3       75     0.11765
      355      372     0.11765
      305      315     0.11765
      131      154     0.11762
        5      268     0.11762
       82      324     0.11761
      164      181     0.11760
       97      236     0.11757
      208      244     0.11757
       13      284     0.11757
      181      206     0.11757
      357      395     0.11757
      310      394     0.11756
      363      391     0.11755
        4      227     0.11754
      123      131     0.11754
      104      121     0.11754
      145      163     0.11753
       54      100     0.11752
      390      400     0.11752
      205      250     0.11752
      258      329     0.11751
      103      141     0.11750
      287      301     0.11750
      356      370     0.11750
      337      351     0.11750
       87       95     0.11749
       54       88     0.11749
      367      385     0.11749
      211      253     0.11749
      250      338     0.11748
       55      166     0.11748
       86      153     0.11747
      239      334     0.11747
       82       91     0.11746
       28       47     0.11746
      110      158     0.11745
      129      190     0.11745
      235      339     0.11745
       92      120     0.11743
      212      243     0.11743
      131      143     0.11742
        6      294     0.11742
      212      256     0.11741
      373      400     0.11741
      110      172     0.11740
       84      156     0.11740
       71      254     0.11740
      141      254     0.11738
      217      316     0.11738
       45      248     0.11737
      125      134     0.11736
       29      149     0.11736
      357      398     0.11735
      212      259     0.11735
       85      325     0.11734
      142      338     0.11734
       82      334     0.11733
       34       52     0.11733
       30       88     0.11732
      362      388     0.11732
      291      315     0.11731
        4      202     0.11730
       36      330     0.11729
       57       99     0.11729
      387      398     0.11727
       74      132     0.11727
      283      291     0.11727
      371      402     0.11726
      158      178     0.11726
      137      197     0.11726
